SOC[-] Voltage[V]
4.661072994807353292e-03 2.638888444615334450e+00
5.661072994807353313e-03 2.682054525886751417e+00
6.661072994807353334e-03 2.718772642256587435e+00
7.661072994807353355e-03 2.751648679719226109e+00
8.661072994807353376e-03 2.782795490341255729e+00
9.661072994807354264e-03 2.812526381610354509e+00
1.066107299480735342e-02 2.841293717957536380e+00
1.166107299480735257e-02 2.868105275465057780e+00
1.266107299480735346e-02 2.892382445361930010e+00
1.366107299480735435e-02 2.913401772255060251e+00
1.466107299480735350e-02 2.932409260665164386e+00
1.566107299480735265e-02 2.949566558958097051e+00
1.666107299480735354e-02 2.965868426897414700e+00
1.766107299480735443e-02 2.981365689359392501e+00
1.866107299480735532e-02 2.995791396105310866e+00
1.966107299480735274e-02 3.009763763160951289e+00
2.066107299480735363e-02 3.022966195892057062e+00
2.166107299480735451e-02 3.035450691751386376e+00
2.266107299480735540e-02 3.047503610799241702e+00
2.366107299480735282e-02 3.058920588139411922e+00
2.466107299480735371e-02 3.070106014057921051e+00
2.566107299480735460e-02 3.080950388429960274e+00
2.666107299480735202e-02 3.091097208169129917e+00
2.766107299480735290e-02 3.101175013960360882e+00
2.866107299480735379e-02 3.110756795062477043e+00
2.966107299480735468e-02 3.120213125677437471e+00
3.066107299480735557e-02 3.129177234051231160e+00
3.166107299480735299e-02 3.138076169056771114e+00
3.266107299480735388e-02 3.146312526364988926e+00
3.366107299480735476e-02 3.154822106463385456e+00
3.466107299480734871e-02 3.162655343656480156e+00
3.566107299480734960e-02 3.170759515144919050e+00
3.666107299480735049e-02 3.178199402141542063e+00
3.766107299480735138e-02 3.185592806492064000e+00
3.866107299480735227e-02 3.192957227158242706e+00
3.966107299480735315e-02 3.200282353575522265e+00
4.066107299480735404e-02 3.207264172952394521e+00
4.166107299480735493e-02 3.213596918697814608e+00
4.266107299480735582e-02 3.220205721505482011e+00
4.366107299480735671e-02 3.227098420484890262e+00
4.466107299480735759e-02 3.233346263013125110e+00
4.566107299480735848e-02 3.239255375192812370e+00
4.666107299480735937e-02 3.245444092395771474e+00
4.766107299480736026e-02 3.251297356787587578e+00
4.866107299480734727e-02 3.257131007123165389e+00
4.966107299480734816e-02 3.262944029033250981e+00
5.066107299480734905e-02 3.268621665842128987e+00
5.166107299480734993e-02 3.273869023871723627e+00
5.266107299480735082e-02 3.279296107491605827e+00
5.366107299480735171e-02 3.284697068295477251e+00
5.466107299480735260e-02 3.289769196436550303e+00
5.566107299480735349e-02 3.294814770724442177e+00
5.666107299480735437e-02 3.299794617790250850e+00
5.766107299480735526e-02 3.304437168805914649e+00
5.866107299480735615e-02 3.309280181910332352e+00
5.966107299480735704e-02 3.313844124417944403e+00
6.066107299480735793e-02 3.318254916142167499e+00
6.166107299480735882e-02 3.322584405092863680e+00
6.266107299480735970e-02 3.326566123232103767e+00
6.366107299480736059e-02 3.330417077840867712e+00
6.466107299480734760e-02 3.334218779904090990e+00
6.566107299480734849e-02 3.337917686240023496e+00
6.666107299480734938e-02 3.341122120384736327e+00
6.766107299480735027e-02 3.343854764775567645e+00
6.866107299480735116e-02 3.346798435134622718e+00
6.966107299480735204e-02 3.349281041581627427e+00
7.066107299480735293e-02 3.351564496379999536e+00
7.166107299480735382e-02 3.353413267328923197e+00
7.266107299480735471e-02 3.355447139032901038e+00
7.366107299480735560e-02 3.357001044479727803e+00
7.466107299480735648e-02 3.358890583197498447e+00
7.566107299480735737e-02 3.360371453155919674e+00
7.666107299480735826e-02 3.361751193618712996e+00
7.766107299480734527e-02 3.363095814292432095e+00
7.866107299480734616e-02 3.364723908438248312e+00
7.966107299480734705e-02 3.365991998675368357e+00
8.066107299480734794e-02 3.367220188061365249e+00
8.166107299480734882e-02 3.368380324345189525e+00
8.266107299480734971e-02 3.369614465343152787e+00
8.366107299480735060e-02 3.371093428772034439e+00
8.466107299480735149e-02 3.372198366015068061e+00
8.566107299480735238e-02 3.373385372866400722e+00
8.666107299480735326e-02 3.374423539092207047e+00
8.766107299480735415e-02 3.375572825621301565e+00
8.866107299480735504e-02 3.376925292837760217e+00
8.966107299480735593e-02 3.378000434194469825e+00
9.066107299480735682e-02 3.379063767249974148e+00
9.166107299480735771e-02 3.380053253292889082e+00
9.266107299480734472e-02 3.381158891318080784e+00
9.366107299480734560e-02 3.382449774001968557e+00
9.466107299480734649e-02 3.383430202043317792e+00
9.566107299480734738e-02 3.384441614637717866e+00
9.666107299480734827e-02 3.385469019149187631e+00
9.766107299480734916e-02 3.386415665765124761e+00
9.866107299480735005e-02 3.387332315007630434e+00
9.966107299480735093e-02 3.388603970680655664e+00
1.006610729948073518e-01 3.389588177199353680e+00
1.016610729948073527e-01 3.390550004594580003e+00
1.026610729948073536e-01 3.391483698824343307e+00
1.036610729948073545e-01 3.392375640161691130e+00
1.046610729948073554e-01 3.393279348009386798e+00
1.056610729948073563e-01 3.394159652133589944e+00
1.066610729948073572e-01 3.395363584146167124e+00
1.076610729948073580e-01 3.396243561490388974e+00
1.086610729948073589e-01 3.397122132430520747e+00
1.096610729948073459e-01 3.397991876558798641e+00
1.106610729948073468e-01 3.398857142761766426e+00
1.116610729948073477e-01 3.399719151453305166e+00
1.126610729948073486e-01 3.400569375770170488e+00
1.136610729948073495e-01 3.401748264216111206e+00
1.146610729948073504e-01 3.402587544956398702e+00
1.156610729948073513e-01 3.403434263859840048e+00
1.166610729948073522e-01 3.404277664137995263e+00
1.176610729948073530e-01 3.405121007169897851e+00
1.186610729948073539e-01 3.405945001024601737e+00
1.196610729948073548e-01 3.406755995962619465e+00
1.206610729948073557e-01 3.407884016099010260e+00
1.216610729948073566e-01 3.408652338511017454e+00
1.226610729948073575e-01 3.409427687444903210e+00
1.236610729948073584e-01 3.410240479589703888e+00
1.246610729948073454e-01 3.411067846042251439e+00
1.256610729948073601e-01 3.411876895731679848e+00
1.266610729948073610e-01 3.412974600219975230e+00
1.276610729948073619e-01 3.413737222615637723e+00
1.286610729948073628e-01 3.414487210048458010e+00
1.296610729948073637e-01 3.415287576343098319e+00
1.306610729948073646e-01 3.416408526443635463e+00
1.316610729948073655e-01 3.417200825475053438e+00
1.326610729948073664e-01 3.417961748182762882e+00
1.336610729948073673e-01 3.418706220786031036e+00
1.346610729948073681e-01 3.419822711868317100e+00
1.356610729948073690e-01 3.420647750764465922e+00
1.366610729948073699e-01 3.421419862871592166e+00
1.376610729948073708e-01 3.422464429479406878e+00
1.386610729948073717e-01 3.423253405930781756e+00
1.396610729948073726e-01 3.424070538982640688e+00
1.406610729948073735e-01 3.425209237723322531e+00
1.416610729948073744e-01 3.425997695227392725e+00
1.426610729948073752e-01 3.427107850389137678e+00
1.436610729948073761e-01 3.427903218403423935e+00
1.446610729948073770e-01 3.429039798928023242e+00
1.456610729948073779e-01 3.429909442677955500e+00
1.466610729948073788e-01 3.431074440540425652e+00
1.476610729948073797e-01 3.431962820627405097e+00
1.486610729948073806e-01 3.433169369752253619e+00
1.496610729948073537e-01 3.434087119919624786e+00
1.506610729948073546e-01 3.435316806860376548e+00
1.516610729948073555e-01 3.436260409524614090e+00
1.526610729948073564e-01 3.437556351370729235e+00
1.536610729948073573e-01 3.438600553899663126e+00
1.546610729948073581e-01 3.439935353984243882e+00
1.556610729948073590e-01 3.440930140296184714e+00
1.566610729948073599e-01 3.442332396347477896e+00
1.576610729948073608e-01 3.443730040948143056e+00
1.586610729948073617e-01 3.444777093638439869e+00
1.596610729948073626e-01 3.446269544514175109e+00
1.606610729948073635e-01 3.447326926833046645e+00
1.616610729948073644e-01 3.448857797330429964e+00
1.626610729948073653e-01 3.450220035631267113e+00
1.636610729948073661e-01 3.451458260970125647e+00
1.646610729948073670e-01 3.452863266201426029e+00
1.656610729948073679e-01 3.454377107180592432e+00
1.666610729948073688e-01 3.455504075957863463e+00
1.676610729948073697e-01 3.456987403896820688e+00
1.686610729948073706e-01 3.458119293033067976e+00
1.696610729948073715e-01 3.459584959296128748e+00
1.706610729948073724e-01 3.461024115493729791e+00
1.716610729948073732e-01 3.462152504806807141e+00
1.726610729948073741e-01 3.463549764853574686e+00
1.736610729948073750e-01 3.464694815230442870e+00
1.746610729948073759e-01 3.466026568055935009e+00
1.756610729948073768e-01 3.467168790331255135e+00
1.766610729948073777e-01 3.468532904392895411e+00
1.776610729948073786e-01 3.469604384579031198e+00
1.786610729948073795e-01 3.471027625943141182e+00
1.796610729948073804e-01 3.472058706747552570e+00
1.806610729948073535e-01 3.473536972785801424e+00
1.816610729948073544e-01 3.474594416067971814e+00
1.826610729948073553e-01 3.476045630722314872e+00
1.836610729948073562e-01 3.477467822349010973e+00
1.846610729948073570e-01 3.478629675283529732e+00
1.856610729948073579e-01 3.480046760544357465e+00
1.866610729948073588e-01 3.481215292552978458e+00
1.876610729948073597e-01 3.482621821093002445e+00
1.886610729948073606e-01 3.483770631064925460e+00
1.896610729948073615e-01 3.485199027775419012e+00
1.906610729948073624e-01 3.486647041435567029e+00
1.916610729948073633e-01 3.487752632500518146e+00
1.926610729948073641e-01 3.489146687201226893e+00
1.936610729948073650e-01 3.490581239316327355e+00
1.946610729948073659e-01 3.491608010097939641e+00
1.956610729948073668e-01 3.492988121713577865e+00
1.966610729948073677e-01 3.494349270625068282e+00
1.976610729948073686e-01 3.495386225972329619e+00
1.986610729948073695e-01 3.496665541110279385e+00
1.996610729948073704e-01 3.497692656588017535e+00
2.006610729948073713e-01 3.499042423215554809e+00
2.016610729948073721e-01 3.500005684409962736e+00
2.026610729948073730e-01 3.500930168683191290e+00
2.036610729948073739e-01 3.502143062108370231e+00
2.046610729948073748e-01 3.503059397402020547e+00
2.056610729948073757e-01 3.504287348067595342e+00
2.066610729948073766e-01 3.505253680499259783e+00
2.076610729948073775e-01 3.506207652350964210e+00
2.086610729948073784e-01 3.507154899683350813e+00
2.096610729948073792e-01 3.508411436787678195e+00
2.106610729948073801e-01 3.509305281071156024e+00
2.116610729948073810e-01 3.510186661710451350e+00
2.126610729948073819e-01 3.511391337340774133e+00
2.136610729948073550e-01 3.512287011628221656e+00
2.146610729948073559e-01 3.513487571490541139e+00
2.156610729948073568e-01 3.514373518843018740e+00
2.166610729948073577e-01 3.515274051646589903e+00
2.176610729948073586e-01 3.516478798042872889e+00
2.186610729948073595e-01 3.517370428743626043e+00
2.196610729948073604e-01 3.518579262253862083e+00
2.206610729948073613e-01 3.519484610373863287e+00
2.216610729948073621e-01 3.520698586804186903e+00
2.226610729948073630e-01 3.521906581491410115e+00
2.236610729948073639e-01 3.522823094392999899e+00
2.246610729948073648e-01 3.524043787963719865e+00
2.256610729948073657e-01 3.524957089683438571e+00
2.266610729948073666e-01 3.526185810749409733e+00
2.276610729948073675e-01 3.527416682789160429e+00
2.286610729948073684e-01 3.528640839823735664e+00
2.296610729948073693e-01 3.529558621220059145e+00
2.306610729948073701e-01 3.530788267431506089e+00
2.316610729948073710e-01 3.531707258852063269e+00
2.326610729948073719e-01 3.532922501154107220e+00
2.336610729948073728e-01 3.534175424975450230e+00
2.346610729948073737e-01 3.535147191363112285e+00
2.356610729948073746e-01 3.536073198816215957e+00
2.366610729948073755e-01 3.537333595550643306e+00
2.376610729948073764e-01 3.538246907409980935e+00
2.386610729948073772e-01 3.539152526156075673e+00
2.396610729948073781e-01 3.540024724536380507e+00
2.406610729948073790e-01 3.540897416324522151e+00
2.416610729948073799e-01 3.541758382379597503e+00
2.426610729948073808e-01 3.542620586615181200e+00
2.436610729948073817e-01 3.543491073316308970e+00
2.446610729948073548e-01 3.544336527080044874e+00
2.456610729948073557e-01 3.545199586963552640e+00
2.466610729948073566e-01 3.546050783788298855e+00
2.476610729948073575e-01 3.546908173061728675e+00
2.486610729948073584e-01 3.547759349273922336e+00
2.496610729948073593e-01 3.548607039688238984e+00
2.506610729948073324e-01 3.549451218277355657e+00
2.516610729948073333e-01 3.550292536937925902e+00
2.526610729948073342e-01 3.551140593330726070e+00
2.536610729948073351e-01 3.551987238331564267e+00
2.546610729948073359e-01 3.552832793864051819e+00
2.556610729948073368e-01 3.553360219196277647e+00
2.566610729948073377e-01 3.554206482167714842e+00
2.576610729948073386e-01 3.555040855971633995e+00
2.586610729948073395e-01 3.555846757981287798e+00
2.596610729948073404e-01 3.556671317599982451e+00
2.606610729948073413e-01 3.557440056285066099e+00
2.616610729948073422e-01 3.558255484410964620e+00
2.626610729948073431e-01 3.559025327240727066e+00
2.636610729948073439e-01 3.559824089280402504e+00
2.646610729948073448e-01 3.560642154594890307e+00
2.656610729948073457e-01 3.561481223213168956e+00
2.666610729948073466e-01 3.562000693184264932e+00
2.676610729948073475e-01 3.562814205885739494e+00
2.686610729948073484e-01 3.563635148161424571e+00
2.696610729948073493e-01 3.564465244691242152e+00
2.706610729948073502e-01 3.565279050087210688e+00
2.716610729948073510e-01 3.566061078505583737e+00
2.726610729948073519e-01 3.566789109034460559e+00
2.736610729948073528e-01 3.567536297084335839e+00
2.746610729948073537e-01 3.568015659402336670e+00
2.756610729948073546e-01 3.568827989539868906e+00
2.766610729948073555e-01 3.569638365104441213e+00
2.776610729948073564e-01 3.570449043132572164e+00
2.786610729948073573e-01 3.571260354980893670e+00
2.796610729948073581e-01 3.572000818343947781e+00
2.806610729948073590e-01 3.572367143424150626e+00
2.816610729948073599e-01 3.573143608077038902e+00
2.826610729948073608e-01 3.573943212378431600e+00
2.836610729948073617e-01 3.574751837951520628e+00
2.846610729948073626e-01 3.575548541221071019e+00
2.856610729948073635e-01 3.576310842914101062e+00
2.866610729948073644e-01 3.576668504679361593e+00
2.876610729948073653e-01 3.577411364393616733e+00
2.886610729948073661e-01 3.578210817725294035e+00
2.896610729948073670e-01 3.579014468377261338e+00
2.906610729948073679e-01 3.579810957189004661e+00
2.916610729948073688e-01 3.580467140004220727e+00
2.926610729948073697e-01 3.580849746142131806e+00
2.936610729948073151e-01 3.581659310069240210e+00
2.946610729948073160e-01 3.582457801898195182e+00
2.956610729948073168e-01 3.583250820680788262e+00
2.966610729948073177e-01 3.583929443045025476e+00
2.976610729948073186e-01 3.584600124918304154e+00
2.986610729948073195e-01 3.585086949571670623e+00
2.996610729948073204e-01 3.585876625973891230e+00
3.006610729948073213e-01 3.586669775203086719e+00
3.016610729948073222e-01 3.587332415974298083e+00
3.026610729948073231e-01 3.588017768862405532e+00
3.036610729948073240e-01 3.588492163472543517e+00
3.046610729948073248e-01 3.589277618484424170e+00
3.056610729948073257e-01 3.589974378017305234e+00
3.066610729948073266e-01 3.590614936282769065e+00
3.076610729948073275e-01 3.591396631311407628e+00
3.086610729948073284e-01 3.591866519490922727e+00
3.096610729948073293e-01 3.592601633801738359e+00
3.106610729948073302e-01 3.593198779660454978e+00
3.116610729948073311e-01 3.593974158226131088e+00
3.126610729948073319e-01 3.594748187968658470e+00
3.136610729948073328e-01 3.595105894103777455e+00
3.146610729948073337e-01 3.595753458262393121e+00
3.156610729948073346e-01 3.596528551788571892e+00
3.166610729948073355e-01 3.597270086831775515e+00
3.176610729948073364e-01 3.597874227964481531e+00
3.186610729948073373e-01 3.598300044633786055e+00
3.196610729948073382e-01 3.599070040519837477e+00
3.206610729948073391e-01 3.599761604924611280e+00
3.216610729948073399e-01 3.600379164180461000e+00
3.226610729948073408e-01 3.600839579668696278e+00
3.236610729948073417e-01 3.601589401186304773e+00
3.246610729948073426e-01 3.602134013935820889e+00
3.256610729948073435e-01 3.602902664419161738e+00
3.266610729948073444e-01 3.603668105204813621e+00
3.276610729948073453e-01 3.603908411537434464e+00
3.286610729948073462e-01 3.604644880239734395e+00
3.296610729948073470e-01 3.605418322830314715e+00
3.306610729948073479e-01 3.605968696840822219e+00
3.316610729948073488e-01 3.606400114072800367e+00
3.326610729948073497e-01 3.607167630624068977e+00
3.336610729948073506e-01 3.607772785523888359e+00
3.346610729948073515e-01 3.608461813217024527e+00
3.356610729948073524e-01 3.609218824100119516e+00
3.366610729948073533e-01 3.609525350649333664e+00
3.376610729948073542e-01 3.610190860409307145e+00
3.386610729948073550e-01 3.610939183184490364e+00
3.396610729948073559e-01 3.611536020888034937e+00
3.406610729948073568e-01 3.611925987954437645e+00
3.416610729948073577e-01 3.612680275422075926e+00
3.426610729948073586e-01 3.613269501200981004e+00
3.436610729948073595e-01 3.613969310202522767e+00
3.446610729948073604e-01 3.614731543311664463e+00
3.456610729948073613e-01 3.614987327454169286e+00
3.466610729948073621e-01 3.615705084024722016e+00
3.476610729948073630e-01 3.616464100222484213e+00
3.486610729948073639e-01 3.616993279890734048e+00
3.496610729948073648e-01 3.617435491949314574e+00
3.506610729948073657e-01 3.618197735307159046e+00
3.516610729948073666e-01 3.618750600232542691e+00
3.526610729948073675e-01 3.619479742622264684e+00
3.536610729948073684e-01 3.620233887208891055e+00
3.546610729948073693e-01 3.620436602168296325e+00
3.556610729948073701e-01 3.621198758811285057e+00
3.566610729948073155e-01 3.621905853924456409e+00
3.576610729948073164e-01 3.622477206643261560e+00
3.586610729948073173e-01 3.622926625735451100e+00
3.596610729948073182e-01 3.623627552950579922e+00
3.606610729948073191e-01 3.624216057008080583e+00
3.616610729948073200e-01 3.624971216332494972e+00
3.626610729948073208e-01 3.625631887471861603e+00
3.636610729948073217e-01 3.625940415515605864e+00
3.646610729948073226e-01 3.626689793846264553e+00
3.656610729948073235e-01 3.627322177864949815e+00
3.666610729948073244e-01 3.627979981135727172e+00
3.676610729948073253e-01 3.628727466427104975e+00
3.686610729948073262e-01 3.629010368816088405e+00
3.696610729948073271e-01 3.629696633892022906e+00
3.706610729948073280e-01 3.630460993414047710e+00
3.716610729948073288e-01 3.631020915010963357e+00
3.726610729948073297e-01 3.631433367475951801e+00
3.736610729948073306e-01 3.632193769867737565e+00
3.746610729948073315e-01 3.632704389965120573e+00
3.756610729948073324e-01 3.633464623180849173e+00
3.766610729948073333e-01 3.634201561570082450e+00
3.776610729948073342e-01 3.634445305342222987e+00
3.786610729948073351e-01 3.635196544715387557e+00
3.796610729948073359e-01 3.635926747030192807e+00
3.806610729948073368e-01 3.636487529954502307e+00
3.816610729948073377e-01 3.637244393379830409e+00
3.826610729948073386e-01 3.637612223031450043e+00
3.836610729948073395e-01 3.638215202765403777e+00
3.846610729948073404e-01 3.638978996881469197e+00
3.856610729948073413e-01 3.639705035802707211e+00
3.866610729948073422e-01 3.640275663124214134e+00
3.876610729948073431e-01 3.640727195373826497e+00
3.886610729948073439e-01 3.641389717973992468e+00
3.896610729948073448e-01 3.642019245244286552e+00
3.906610729948073457e-01 3.642785264611120954e+00
3.916610729948073466e-01 3.643477508666432829e+00
3.926610729948073475e-01 3.643769177172161200e+00
3.936610729948073484e-01 3.644537277397545072e+00
3.946610729948073493e-01 3.645245729026877601e+00
3.956610729948073502e-01 3.645835977855189647e+00
3.966610729948073510e-01 3.646604792930063343e+00
3.976610729948073519e-01 3.647342673095647303e+00
3.986610729948073528e-01 3.647907536180022170e+00
3.996610729948073537e-01 3.648363414613634781e+00
4.006610729948073546e-01 3.649140652067893065e+00
4.016610729948073555e-01 3.649681708117261891e+00
4.026610729948073564e-01 3.650443813946827376e+00
4.036610729948073573e-01 3.651211772177306525e+00
4.046610729948073581e-01 3.651768474223447303e+00
4.056610729948073590e-01 3.652205262518616102e+00
4.066610729948073599e-01 3.652986340657641495e+00
4.076610729948073608e-01 3.653661782060769525e+00
4.086610729948073617e-01 3.654311426904937044e+00
4.096610729948073626e-01 3.655085686870056971e+00
4.106610729948073635e-01 3.655858296510297922e+00
4.116610729948073644e-01 3.656395796518427499e+00
4.126610729948073653e-01 3.657171536891937524e+00
4.136610729948073661e-01 3.657641456784177958e+00
4.146610729948073670e-01 3.658265676806810696e+00
4.156610729948073679e-01 3.658971069297082046e+00
4.166610729948073688e-01 3.659754684913396172e+00
4.176610729948073697e-01 3.660507190002392441e+00
4.186610729948073706e-01 3.661097872475687964e+00
4.196610729948073715e-01 3.661864943718089460e+00
4.206610729948073724e-01 3.662646614855083360e+00
4.216610729948073177e-01 3.663306027700452994e+00
4.226610729948073186e-01 3.663685830342443328e+00
4.236610729948073195e-01 3.664470581186115350e+00
4.246610729948073204e-01 3.665259534551512210e+00
4.256610729948073213e-01 3.665914934281087945e+00
4.266610729948073222e-01 3.666599409910157981e+00
4.276610729948073231e-01 3.667397248090978668e+00
4.286610729948073240e-01 3.668188890579622274e+00
4.296610729948073248e-01 3.668838608113726973e+00
4.306610729948073257e-01 3.669544933827407096e+00
4.316610729948073266e-01 3.670340528112860046e+00
4.326610729948073275e-01 3.671130551039157641e+00
4.336610729948073284e-01 3.671827635482868502e+00
4.346610729948073293e-01 3.672504452756105042e+00
4.356610729948073302e-01 3.673306259160991072e+00
4.366610729948073311e-01 3.674111566241295090e+00
4.376610729948073319e-01 3.674910698570368339e+00
4.386610729948073328e-01 3.675534082968209049e+00
4.396610729948073337e-01 3.676281481970963050e+00
4.406610729948073346e-01 3.677098072681670438e+00
4.416610729948073355e-01 3.677896665397038412e+00
4.426610729948073364e-01 3.678647105781168047e+00
4.436610729948073373e-01 3.679315175728254061e+00
4.446610729948073382e-01 3.680101327036553904e+00
4.456610729948073391e-01 3.680914818716253478e+00
4.466610729948073399e-01 3.681719637885173757e+00
4.476610729948073408e-01 3.682495290062652860e+00
4.486610729948073417e-01 3.683211027875674670e+00
4.496610729948073426e-01 3.683943176412959541e+00
4.506610729948073435e-01 3.684757339181738534e+00
4.516610729948073444e-01 3.685577945695437840e+00
4.526610729948073453e-01 3.686405784871803704e+00
4.536610729948073462e-01 3.687208951248508004e+00
4.546610729948073470e-01 3.687925387705960123e+00
4.556610729948073479e-01 3.688650404945791994e+00
4.566610729948073488e-01 3.689477107196527772e+00
4.576610729948073497e-01 3.690297277178566038e+00
4.586610729948073506e-01 3.691124910215001886e+00
4.596610729948073515e-01 3.692265988619388928e+00
4.606610729948073524e-01 3.693087444233465355e+00
4.616610729948073533e-01 3.693847635895167958e+00
4.626610729948073542e-01 3.694625351055986329e+00
4.636610729948073550e-01 3.695377546309403627e+00
4.646610729948073559e-01 3.696223556122963938e+00
4.656610729948073568e-01 3.697062481797828593e+00
4.666610729948073577e-01 3.697902407495169630e+00
4.676610729948073586e-01 3.698743143290925239e+00
4.686610729948073595e-01 3.699900837260491127e+00
4.696610729948073604e-01 3.700741080406642514e+00
4.706610729948073613e-01 3.701516608032899835e+00
4.716610729948073621e-01 3.702351249267711975e+00
4.726610729948073630e-01 3.703141081428365400e+00
4.736610729948073639e-01 3.703890517124808213e+00
4.746610729948073648e-01 3.704738621430509138e+00
4.756610729948073657e-01 3.705904024822201048e+00
4.766610729948073666e-01 3.706752956517572084e+00
4.776610729948073675e-01 3.707608613899560535e+00
4.786610729948073684e-01 3.708469868174635753e+00
4.796610729948073693e-01 3.709328149990969603e+00
4.806610729948073701e-01 3.710492866166181347e+00
4.816610729948073710e-01 3.711351770833481112e+00
4.826610729948073719e-01 3.712212020873219664e+00
4.836610729948073728e-01 3.713070510239350419e+00
4.846610729948073182e-01 3.713936125513617181e+00
4.856610729948073191e-01 3.715106015448470078e+00
4.866610729948073200e-01 3.715956396717194021e+00
4.876610729948073208e-01 3.716769087998672116e+00
4.886610729948073217e-01 3.717642737277647047e+00
4.896610729948073226e-01 3.718494427987120154e+00
4.906610729948073235e-01 3.719641284858810515e+00
4.916610729948073244e-01 3.720491262462527704e+00
4.926610729948073253e-01 3.721331756552043846e+00
4.936610729948073262e-01 3.722185007531948919e+00
4.946610729948073271e-01 3.723338069225577751e+00
4.956610729948073280e-01 3.724225428075015554e+00
4.966610729948073288e-01 3.725138684799162547e+00
4.976610729948073297e-01 3.726005340669487964e+00
4.986610729948073306e-01 3.727196363566505966e+00
4.996610729948073315e-01 3.728095710276669639e+00
5.006610729948073324e-01 3.728923992746865146e+00
5.016610729948073333e-01 3.729780684827950665e+00
5.026610729948073342e-01 3.730990876593287986e+00
5.036610729948073351e-01 3.731823309281659284e+00
5.046610729948073359e-01 3.732749851926933982e+00
5.056610729948073368e-01 3.733602658612685588e+00
5.066610729948073377e-01 3.734789088748770247e+00
5.076610729948073386e-01 3.735696343580821033e+00
5.086610729948073395e-01 3.736580072847401457e+00
5.096610729948073404e-01 3.737726190999243858e+00
5.106610729948073413e-01 3.738624900640813653e+00
5.116610729948073422e-01 3.739540103901595192e+00
5.126610729948073431e-01 3.740443056444713754e+00
5.136610729948073439e-01 3.741638111543183154e+00
5.146610729948073448e-01 3.742528036904495092e+00
5.156610729948073457e-01 3.743429783912794129e+00
5.166610729948073466e-01 3.744661284664759116e+00
5.176610729948073475e-01 3.745529993200871210e+00
5.186610729948073484e-01 3.746449141868840371e+00
5.196610729948073493e-01 3.747291132418465232e+00
5.206610729948073502e-01 3.748548779190616909e+00
5.216610729948073510e-01 3.749461895504721642e+00
5.226610729948073519e-01 3.750345184827476253e+00
5.236610729948073528e-01 3.751552713984451781e+00
5.246610729948073537e-01 3.752434948805384973e+00
5.256610729948073546e-01 3.753324008400566569e+00
5.266610729948073555e-01 3.754517087455462310e+00
5.276610729948073564e-01 3.755416295088811030e+00
5.286610729948073573e-01 3.756303266279755082e+00
5.296610729948073581e-01 3.757517689146766315e+00
5.306610729948073590e-01 3.758418405348570523e+00
5.316610729948073599e-01 3.759317921933619022e+00
5.326610729948073608e-01 3.760522766196340072e+00
5.336610729948073617e-01 3.761427576769690084e+00
5.346610729948073626e-01 3.762650089226765804e+00
5.356610729948073635e-01 3.763631176917938248e+00
5.366610729948073644e-01 3.764621285247615745e+00
5.376610729948073653e-01 3.765911364613548251e+00
5.386610729948073661e-01 3.766819327099006021e+00
5.396610729948073670e-01 3.768046137889689895e+00
5.406610729948073679e-01 3.768963160425187198e+00
5.416610729948073688e-01 3.769889723774121126e+00
5.426610729948073697e-01 3.771119450416358543e+00
5.436610729948073706e-01 3.772091981238793856e+00
5.446610729948073715e-01 3.773495827606195174e+00
5.456610729948073724e-01 3.774459898300772664e+00
5.466610729948073732e-01 3.775713801134467751e+00
5.476610729948073741e-01 3.776656238882534655e+00
5.486610729948073750e-01 3.777931310633713125e+00
5.496610729948073759e-01 3.779402740290980667e+00
5.506610729948073768e-01 3.780379462605820695e+00
5.516610729948073777e-01 3.781653411193456549e+00
5.526610729948073786e-01 3.782664931049626755e+00
5.536610729948073795e-01 3.784147273731729211e+00
5.546610729948073804e-01 3.785431200624639114e+00
5.556610729948073812e-01 3.786730006823855632e+00
5.566610729948073821e-01 3.787915091859056727e+00
5.576610729948073830e-01 3.789273160243260552e+00
5.586610729948073839e-01 3.790592625862110321e+00
5.596610729948073848e-01 3.792161698751887133e+00
5.606610729948073857e-01 3.793492788987723685e+00
5.616610729948073866e-01 3.794956897239793570e+00
5.626610729948073875e-01 3.796417389592039449e+00
5.636610729948073883e-01 3.797886616249415148e+00
5.646610729948073892e-01 3.799378792972424979e+00
5.656610729948073901e-01 3.800807334029644213e+00
5.666610729948073910e-01 3.802355291392781389e+00
5.676610729948073919e-01 3.803836900322946413e+00
5.686610729948073928e-01 3.805647644529451146e+00
5.696610729948073937e-01 3.807200562017619472e+00
5.706610729948073946e-01 3.808643044492543428e+00
5.716610729948073955e-01 3.810225390905926268e+00
5.726610729948073963e-01 3.811633066096799638e+00
5.736610729948073972e-01 3.813228674330852996e+00
5.746610729948073981e-01 3.814604739152754664e+00
5.756610729948073990e-01 3.816208045155682793e+00
5.766610729948073999e-01 3.817417673800390876e+00
5.776610729948074008e-01 3.818848123824982288e+00
5.786610729948074017e-01 3.820419505607504096e+00
5.796610729948074026e-01 3.821465347760005127e+00
5.806610729948074034e-01 3.823028532276598668e+00
5.816610729948072933e-01 3.824362468632478418e+00
5.826610729948072942e-01 3.825603624032826833e+00
5.836610729948072951e-01 3.826927987136905518e+00
5.846610729948072960e-01 3.828165223311026377e+00
5.856610729948072969e-01 3.829158400619838254e+00
5.866610729948072978e-01 3.830699873493780494e+00
5.876610729948072986e-01 3.831680952530776452e+00
5.886610729948072995e-01 3.832793530829140760e+00
5.896610729948073004e-01 3.834170761855201892e+00
5.906610729948073013e-01 3.835139676838630329e+00
5.916610729948073022e-01 3.836336353652027409e+00
5.926610729948073031e-01 3.837276545630242452e+00
5.936610729948073040e-01 3.838577136905619192e+00
5.946610729948073049e-01 3.839725498690059968e+00
5.956610729948073057e-01 3.840650915258316811e+00
5.966610729948073066e-01 3.841580939885929968e+00
5.976610729948073075e-01 3.842633116722604214e+00
5.986610729948073084e-01 3.843676226264566065e+00
5.996610729948073093e-01 3.844585189510266066e+00
6.006610729948073102e-01 3.845499074509839410e+00
6.016610729948073111e-01 3.846741255608211674e+00
6.026610729948073120e-01 3.847757761788502595e+00
6.036610729948073129e-01 3.848761520924746993e+00
6.046610729948073137e-01 3.849656360547059730e+00
6.056610729948073146e-01 3.850542192357761628e+00
6.066610729948073155e-01 3.851428349534378626e+00
6.076610729948073164e-01 3.852302855795732395e+00
6.086610729948073173e-01 3.853186682883400049e+00
6.096610729948073182e-01 3.854142021494193493e+00
6.106610729948073191e-01 3.855047045097702796e+00
6.116610729948073200e-01 3.855956902464788172e+00
6.126610729948073208e-01 3.856887013795238239e+00
6.136610729948073217e-01 3.857766110123037162e+00
6.146610729948073226e-01 3.858630534081608943e+00
6.156610729948073235e-01 3.859512712996497896e+00
6.166610729948073244e-01 3.860365764634333008e+00
6.176610729948073253e-01 3.861223353062546604e+00
6.186610729948073262e-01 3.862071127491533140e+00
6.196610729948073271e-01 3.862920692034479409e+00
6.206610729948073280e-01 3.863777570281464957e+00
6.216610729948073288e-01 3.864621478293463586e+00
6.226610729948073297e-01 3.865427773744877449e+00
6.236610729948073306e-01 3.866207999304476672e+00
6.246610729948073315e-01 3.867019682113727708e+00
6.256610729948073324e-01 3.867828630897655717e+00
6.266610729948073333e-01 3.868597633632673727e+00
6.276610729948073342e-01 3.869422547138692714e+00
6.286610729948073351e-01 3.870252932857574546e+00
6.296610729948073359e-01 3.871079190296632166e+00
6.306610729948073368e-01 3.871905681543992284e+00
6.316610729948073377e-01 3.872744669832351772e+00
6.326610729948073386e-01 3.873562600874114636e+00
6.336610729948073395e-01 3.874076173940294243e+00
6.346610729948073404e-01 3.874829656242131826e+00
6.356610729948073413e-01 3.875538958687096969e+00
6.366610729948073422e-01 3.876300709482707330e+00
6.376610729948073431e-01 3.877117225379924204e+00
6.386610729948073439e-01 3.877925010823609853e+00
6.396610729948073448e-01 3.878741262871466589e+00
6.406610729948073457e-01 3.879554017420656198e+00
6.416610729948073466e-01 3.880228692133826485e+00
6.426610729948073475e-01 3.880947513641187285e+00
6.436610729948073484e-01 3.881735929986323885e+00
6.446610729948073493e-01 3.882234398080850024e+00
6.456610729948073502e-01 3.883041507345103227e+00
6.466610729948073510e-01 3.883786428801151658e+00
6.476610729948073519e-01 3.884441093502299935e+00
6.486610729948073528e-01 3.885199721668938899e+00
6.496610729948073537e-01 3.886002556912558692e+00
6.506610729948073546e-01 3.886800061292129627e+00
6.516610729948073555e-01 3.887532666829494943e+00
6.526610729948073564e-01 3.887855875651314630e+00
6.536610729948073573e-01 3.888628845995938388e+00
6.546610729948073581e-01 3.889423922002132716e+00
6.556610729948073590e-01 3.890223397652538218e+00
6.566610729948073599e-01 3.890853244916825826e+00
6.576610729948073608e-01 3.891561547645975061e+00
6.586610729948073617e-01 3.892345761220077360e+00
6.596610729948073626e-01 3.892829687187353116e+00
6.606610729948073635e-01 3.893475747074341964e+00
6.616610729948073644e-01 3.894163996117655735e+00
6.626610729948073653e-01 3.894945734662802028e+00
6.636610729948073661e-01 3.895723759775534312e+00
6.646610729948073670e-01 3.896347415728961927e+00
6.656610729948073679e-01 3.896739102276377320e+00
6.666610729948073688e-01 3.897526121178576552e+00
6.676610729948073697e-01 3.898296755460842977e+00
6.686610729948073706e-01 3.898841757705316713e+00
6.696610729948073715e-01 3.899627827596154894e+00
6.706610729948073724e-01 3.900400904611887043e+00
6.716610729948073732e-01 3.900772899898313106e+00
6.726610729948073741e-01 3.901405652699199145e+00
6.736610729948073750e-01 3.902188600511983907e+00
6.746610729948073759e-01 3.902963253408290090e+00
6.756610729948073768e-01 3.903561370352292226e+00
6.766610729948073777e-01 3.903972522801934630e+00
6.776610729948073786e-01 3.904742673971035583e+00
6.786610729948073795e-01 3.905460656077723858e+00
6.796610729948073804e-01 3.906059169507441364e+00
6.806610729948073812e-01 3.906838204890490385e+00
6.816610729948073821e-01 3.907603415158217075e+00
6.826610729948073830e-01 3.907877590052620587e+00
6.836610729948073839e-01 3.908617944308641068e+00
6.846610729948073848e-01 3.909389275262901364e+00
6.856610729948073857e-01 3.910106071494129587e+00
6.866610729948073866e-01 3.910713673357701037e+00
6.876610729948073875e-01 3.911497483325041991e+00
6.886610729948073883e-01 3.911967963294276096e+00
6.896610729948073892e-01 3.912613548230830851e+00
6.906610729948073901e-01 3.913299392728426529e+00
6.916610729948073910e-01 3.914080076027138588e+00
6.926610729948073919e-01 3.914872688708208592e+00
6.936610729948073928e-01 3.915481396508304623e+00
6.946610729948073937e-01 3.916206116313819319e+00
6.956610729948073946e-01 3.916990975634002670e+00
6.966610729948073955e-01 3.917439978906100073e+00
6.976610729948073963e-01 3.918093398136558658e+00
6.986610729948073972e-01 3.918823055849917303e+00
6.996610729948073981e-01 3.919615136785652876e+00
7.006610729948073990e-01 3.920405294848449795e+00
7.016610729948073999e-01 3.921065036926448588e+00
7.026610729948074008e-01 3.921776064745972068e+00
7.036610729948074017e-01 3.922581309186416121e+00
7.046610729948074026e-01 3.923382462088928602e+00
7.056610729948074034e-01 3.924181067875283535e+00
7.066610729948074043e-01 3.924845438642310835e+00
7.076610729948074052e-01 3.925576060273422652e+00
7.086610729948072951e-01 3.926393092658354345e+00
7.096610729948072960e-01 3.927210922377641023e+00
7.106610729948072969e-01 3.928024421024320034e+00
7.116610729948072978e-01 3.928802535904937887e+00
7.126610729948072986e-01 3.929541461364672639e+00
7.136610729948072995e-01 3.930266951623761162e+00
7.146610729948073004e-01 3.931102546079811688e+00
7.156610729948073013e-01 3.931937613966458578e+00
7.166610729948073022e-01 3.932772962725953558e+00
7.176610729948073031e-01 3.933605152978516095e+00
7.186610729948073040e-01 3.934442813631763070e+00
7.196610729948073049e-01 3.935603219188556157e+00
7.206610729948073057e-01 3.936409549777425632e+00
7.216610729948073066e-01 3.937222577083741459e+00
7.226610729948073075e-01 3.938039886198998030e+00
7.236610729948073084e-01 3.938840654448018341e+00
7.246610729948073093e-01 3.939678318835103443e+00
7.256610729948073102e-01 3.940835168063362204e+00
7.266610729948073111e-01 3.941676242986794421e+00
7.276610729948073120e-01 3.942542937273816328e+00
7.286610729948073129e-01 3.943422283954238772e+00
7.296610729948073137e-01 3.944300216290077987e+00
7.306610729948073146e-01 3.945502753991635636e+00
7.316610729948073155e-01 3.946404200256897976e+00
7.326610729948073164e-01 3.947310783023769698e+00
7.336610729948073173e-01 3.948541834796071459e+00
7.346610729948073182e-01 3.949509452828099842e+00
7.356610729948073191e-01 3.950449266810778237e+00
7.366610729948073200e-01 3.951378458067850374e+00
7.376610729948073208e-01 3.952596169641912738e+00
7.386610729948073217e-01 3.953501542102698441e+00
7.396610729948073226e-01 3.954716373279793640e+00
7.406610729948073235e-01 3.955625505581909618e+00
7.416610729948073244e-01 3.956539291807279479e+00
7.426610729948073253e-01 3.957766142153228195e+00
7.436610729948073262e-01 3.958798915242592198e+00
7.446610729948073271e-01 3.959805323183667181e+00
7.456610729948073280e-01 3.961080932595035797e+00
7.466610729948073288e-01 3.962011011708197472e+00
7.476610729948073297e-01 3.963251442731081653e+00
7.486610729948073306e-01 3.964187959450708121e+00
7.496610729948073315e-01 3.965573533689702224e+00
7.506610729948073324e-01 3.966619352206232296e+00
7.516610729948073333e-01 3.967873782345762379e+00
7.526610729948073342e-01 3.968814081104709679e+00
7.536610729948073351e-01 3.970114306434890050e+00
7.546610729948073359e-01 3.971271958955600034e+00
7.556610729948073368e-01 3.972533957586642739e+00
7.566610729948073377e-01 3.973487380341826913e+00
7.576610729948073386e-01 3.974815658796318374e+00
7.586610729948073395e-01 3.975955723438992617e+00
7.596610729948073404e-01 3.977232876539253947e+00
7.606610729948073413e-01 3.978195206312906684e+00
7.616610729948073422e-01 3.979653715068785402e+00
7.626610729948073431e-01 3.980995585669190540e+00
7.636610729948073439e-01 3.981957823982429812e+00
7.646610729948073448e-01 3.983332080733687608e+00
7.656610729948073457e-01 3.984457334146767504e+00
7.666610729948073466e-01 3.985745059936574908e+00
7.676610729948073475e-01 3.987128834493169016e+00
7.686610729948073484e-01 3.988255384245544377e+00
7.696610729948073493e-01 3.989539154035778967e+00
7.706610729948073502e-01 3.990607196311992233e+00
7.716610729948073510e-01 3.992047850476186266e+00
7.726610729948073519e-01 3.993341688131484268e+00
7.736610729948073528e-01 3.994464904407037942e+00
7.746610729948073537e-01 3.995844232652411510e+00
7.756610729948073546e-01 3.996838628164055773e+00
7.766610729948073555e-01 3.998260161089046694e+00
7.776610729948073564e-01 3.999660208751260271e+00
7.786610729948073573e-01 4.000643163376980560e+00
7.796610729948073581e-01 4.002108009809359324e+00
7.806610729948073590e-01 4.003159085802957762e+00
7.816610729948073599e-01 4.004442170653256028e+00
7.826610729948073608e-01 4.005935544984423835e+00
7.836610729948073617e-01 4.006941236859229427e+00
7.846610729948073626e-01 4.008241956993904509e+00
7.856610729948073635e-01 4.009408913573635047e+00
7.866610729948073644e-01 4.010728725501700787e+00
7.876610729948073653e-01 4.011705722018516163e+00
7.886610729948073661e-01 4.013138463056820093e+00
7.896610729948073670e-01 4.014189940652296507e+00
7.906610729948073679e-01 4.015478216772186748e+00
7.916610729948073688e-01 4.016860317349260967e+00
7.926610729948073697e-01 4.017944828739213214e+00
7.936610729948073706e-01 4.019222693122443069e+00
7.946610729948073715e-01 4.020229257338027828e+00
7.956610729948073724e-01 4.021356209964399575e+00
7.966610729948073732e-01 4.022639359587019570e+00
7.976610729948073741e-01 4.023588496018733807e+00
7.986610729948073750e-01 4.024892206846922171e+00
7.996610729948073759e-01 4.026027363707801676e+00
8.006610729948073768e-01 4.027277288594675930e+00
8.016610729948073777e-01 4.028219889196894776e+00
8.026610729948073786e-01 4.029473001128180520e+00
8.036610729948073795e-01 4.030539139754997890e+00
8.046610729948073804e-01 4.031572240426909204e+00
8.056610729948073812e-01 4.032813201775867995e+00
8.066610729948073821e-01 4.033729545140986694e+00
8.076610729948073830e-01 4.034953118666873451e+00
8.086610729948073839e-01 4.035914532608847693e+00
8.096610729948073848e-01 4.036907287935040500e+00
8.106610729948073857e-01 4.038057934276520378e+00
8.116610729948073866e-01 4.039145297000653834e+00
8.126610729948073875e-01 4.040061693430322620e+00
8.136610729948073883e-01 4.040957677713661766e+00
8.146610729948073892e-01 4.042168757970332038e+00
8.156610729948073901e-01 4.043052623197801232e+00
8.166610729948073910e-01 4.043943447598459251e+00
8.176610729948073919e-01 4.044824065188269202e+00
8.186610729948073928e-01 4.046014465115301384e+00
8.196610729948073937e-01 4.046886747429354614e+00
8.206610729948073946e-01 4.047758854465442369e+00
8.216610729948073955e-01 4.048633997664662587e+00
8.226610729948073963e-01 4.049497020913687351e+00
8.236610729948073972e-01 4.050344847243137814e+00
8.246610729948073981e-01 4.051207708826354725e+00
8.256610729948073990e-01 4.052365427135660170e+00
8.266610729948073999e-01 4.053203297312697018e+00
8.276610729948074008e-01 4.054050220826971973e+00
8.286610729948074017e-01 4.054871645027407823e+00
8.296610729948074026e-01 4.055705411619237033e+00
8.306610729948074034e-01 4.056493907976507884e+00
8.316610729948074043e-01 4.057134601863972456e+00
8.326610729948074052e-01 4.057922647384106796e+00
8.336610729948074061e-01 4.058417686843299066e+00
8.346610729948074070e-01 4.059217416502907128e+00
8.356610729948074079e-01 4.060015821026016880e+00
8.366610729948074088e-01 4.060664976170656359e+00
8.376610729948072986e-01 4.061354287432936694e+00
8.386610729948072995e-01 4.062128251734193007e+00
8.396610729948073004e-01 4.062573327005814861e+00
8.406610729948073013e-01 4.063141839575407310e+00
8.416610729948073022e-01 4.063871432211412227e+00
8.426610729948073031e-01 4.064608308146727467e+00
8.436610729948073040e-01 4.064826890371365131e+00
8.446610729948073049e-01 4.065563582440259616e+00
8.456610729948073057e-01 4.065891704246326732e+00
8.466610729948073066e-01 4.066475516002853396e+00
8.476610729948073075e-01 4.067206449420141645e+00
8.486610729948073084e-01 4.067373358559425611e+00
8.496610729948073093e-01 4.068075869116428045e+00
8.506610729948073102e-01 4.068235300143506095e+00
8.516610729948073111e-01 4.068926070527968619e+00
8.526610729948073120e-01 4.069074645339193275e+00
8.536610729948073129e-01 4.069763278305108756e+00
8.546610729948073137e-01 4.069905080342280712e+00
8.556610729948073146e-01 4.070229386388984238e+00
8.566610729948073155e-01 4.070702522840895732e+00
8.576610729948073164e-01 4.070859274488208612e+00
8.586610729948073173e-01 4.071173613769603961e+00
8.596610729948073182e-01 4.071605511160064417e+00
8.606610729948073191e-01 4.071884899203343622e+00
8.616610729948073200e-01 4.072375362762381990e+00
8.626610729948073208e-01 4.072476460798347020e+00
8.636610729948073217e-01 4.072752068265258707e+00
8.646610729948073226e-01 4.072915264846327155e+00
8.656610729948073235e-01 4.073326626858413846e+00
8.666610729948073244e-01 4.073554207025776641e+00
8.676610729948073253e-01 4.073740198285282332e+00
8.686610729948073262e-01 4.074138839807281975e+00
8.696610729948073271e-01 4.074240366855075735e+00
8.706610729948073280e-01 4.074513171772229825e+00
8.716610729948073288e-01 4.074940271901637878e+00
8.726610729948073297e-01 4.075027053766067553e+00
8.736610729948073306e-01 4.075187460737353717e+00
8.746610729948073315e-01 4.075424882857677567e+00
8.756610729948073324e-01 4.075815299890754417e+00
8.766610729948073333e-01 4.075894592142504713e+00
8.776610729948073342e-01 4.076051581333845597e+00
8.786610729948073351e-01 4.076292647130696167e+00
8.796610729948073359e-01 4.076682893566298205e+00
8.806610729948073368e-01 4.076762215850496140e+00
8.816610729948073377e-01 4.076912181286993508e+00
8.826610729948073386e-01 4.077461898325652534e+00
8.836610729948073395e-01 4.077545243209922177e+00
8.846610729948073404e-01 4.077628588094192708e+00
8.856610729948073413e-01 4.078087776595276992e+00
8.866610729948073422e-01 4.078315184967134854e+00
8.876610729948073431e-01 4.078409117350897617e+00
8.886610729948073439e-01 4.078492636783414227e+00
8.896610729948073448e-01 4.078947131948964078e+00
8.906610729948073457e-01 4.079205402590246443e+00
8.916610729948073466e-01 4.079286805967105245e+00
8.926610729948073475e-01 4.079680309154294804e+00
8.936610729948073484e-01 4.079829122392803598e+00
8.946610729948073493e-01 4.080081060049939978e+00
8.956610729948073502e-01 4.080481871960473406e+00
8.966610729948073510e-01 4.080573313786820755e+00
8.976610729948073519e-01 4.080775732534130285e+00
8.986610729948073528e-01 4.081295457153119699e+00
8.996610729948073537e-01 4.081385864594522239e+00
9.006610729948073546e-01 4.081476272035923891e+00
9.016610729948073555e-01 4.082069720267447188e+00
9.026610729948073564e-01 4.082211873206560426e+00
9.036610729948073573e-01 4.082307905224355160e+00
9.046610729948073581e-01 4.082815280717128736e+00
9.056610729948073590e-01 4.083052888508658995e+00
9.066610729948073599e-01 4.083471383332524240e+00
9.076610729948073608e-01 4.083642393806961479e+00
9.086610729948073617e-01 4.083910244993977479e+00
9.096610729948073626e-01 4.084329968820097356e+00
9.106610729948073635e-01 4.084478623328930524e+00
9.116610729948073644e-01 4.085089473709224706e+00
9.126610729948073653e-01 4.085206967442855053e+00
9.136610729948073661e-01 4.085699561745241404e+00
9.146610729948073670e-01 4.085995557979957837e+00
9.156610729948073679e-01 4.086115548265715880e+00
9.166610729948073688e-01 4.086699190546868365e+00
9.176610729948073697e-01 4.086913215265787436e+00
9.186610729948073706e-01 4.087350217585476564e+00
9.196610729948073715e-01 4.087713859530513361e+00
9.206610729948073724e-01 4.088154126908955632e+00
9.216610729948073732e-01 4.088383263061236228e+00
9.226610729948073741e-01 4.088973718712409777e+00
9.236610729948073750e-01 4.089435424303111688e+00
9.246610729948073759e-01 4.089810122750304977e+00
9.256610729948073768e-01 4.090272162296037628e+00
9.266610729948073777e-01 4.090664745237604372e+00
9.276610729948073786e-01 4.091130271278427877e+00
9.286610729948073795e-01 4.091532179769644451e+00
9.296610729948073804e-01 4.092011937818289091e+00
9.306610729948073812e-01 4.092721714667590049e+00
9.316610729948073821e-01 4.092905825542864306e+00
9.326610729948073830e-01 4.093622320199420628e+00
9.336610729948073839e-01 4.094118559107396749e+00
9.346610729948073848e-01 4.094852882235226588e+00
9.356610729948073857e-01 4.095123825378816029e+00
9.366610729948073866e-01 4.095794369406825730e+00
9.376610729948073875e-01 4.096550524670143467e+00
9.386610729948073883e-01 4.097108310891156790e+00
9.396610729948073892e-01 4.097832780176520195e+00
9.406610729948073901e-01 4.098277493020674456e+00
9.416610729948073910e-01 4.098855497107154022e+00
9.426610729948073919e-01 4.099614141814549306e+00
9.436610729948073928e-01 4.100309436035494137e+00
9.446610729948073937e-01 4.101093017049262990e+00
9.456610729948073946e-01 4.101906223936873985e+00
9.466610729948073955e-01 4.102715349226678576e+00
9.476610729948073963e-01 4.103483578769152373e+00
9.486610729948073972e-01 4.104208702842257139e+00
9.496610729948073981e-01 4.104957856900052882e+00
9.506610729948073990e-01 4.105802543183213693e+00
9.516610729948073999e-01 4.106951358888633052e+00
9.526610729948074008e-01 4.107815951646207608e+00
9.536610729948074017e-01 4.108687918983567222e+00
9.546610729948074026e-01 4.109563754238981126e+00
9.556610729948074034e-01 4.110768425503160017e+00
9.566610729948074043e-01 4.111664771535308738e+00
9.576610729948074052e-01 4.112580602177204447e+00
9.586610729948074061e-01 4.113876975697578153e+00
9.596610729948074070e-01 4.114952524413977741e+00
9.606610729948074079e-01 4.116235549277240224e+00
9.616610729948074088e-01 4.117208248445795249e+00
9.626610729948074097e-01 4.118516076978672835e+00
9.636610729948074106e-01 4.120009854225100909e+00
9.646610729948073004e-01 4.121012998874869382e+00
9.656610729948073013e-01 4.122477997571046160e+00
9.666610729948073022e-01 4.123916441784051479e+00
9.676610729948073031e-01 4.125390286444313048e+00
9.686610729948073040e-01 4.126870505547001855e+00
9.696610729948073049e-01 4.128483032923734086e+00
9.706610729948073057e-01 4.129902962205115102e+00
9.716610729948073066e-01 4.131548325499978525e+00
9.726610729948073075e-01 4.133212113836148838e+00
9.736610729948073084e-01 4.135099349893691212e+00
9.746610729948073093e-01 4.136746705517767353e+00
9.756610729948073102e-01 4.138411077687641715e+00
9.766610729948073111e-01 4.140465345678534526e+00
9.776610729948073120e-01 4.142246647135497284e+00
9.786610729948073129e-01 4.144477574427084754e+00
9.796610729948073137e-01 4.146681597266986152e+00
9.806610729948073146e-01 4.148526091382736425e+00
9.816610729948073155e-01 4.150678931609087741e+00
9.826610729948073164e-01 4.153098785212447019e+00
9.836610729948073173e-01 4.155306692615400088e+00
9.846610729948073182e-01 4.157782531281172922e+00
9.856610729948073191e-01 4.160047981688801855e+00
9.866610729948073200e-01 4.162850381174225234e+00
9.876610729948073208e-01 4.165395291433105385e+00
9.886610729948073217e-01 4.167965785931164291e+00
9.896610729948073226e-01 4.170835748871671633e+00
9.906610729948073235e-01 4.173493320403327544e+00
9.916610729948073244e-01 4.176453696051823705e+00
9.926610729948073253e-01 4.179445086483430494e+00
9.936610729948073262e-01 4.182515002601276066e+00
9.946610729948073271e-01 4.185748167920795737e+00
9.956610729948073280e-01 4.188845105711608952e+00
