SOC[-] Voltage[V]
4.661072994807353292e-03 1.388954446153343181e-01
5.661072994807353313e-03 1.368605252343568224e-01
6.661072994807353334e-03 1.319803879810901859e-01
7.661072994807353355e-03 1.248751842583128574e-01
8.661072994807353376e-03 1.169747536948798350e-01
9.661072994807354264e-03 1.082504211222058144e-01
1.066107299480735342e-02 9.895120426894800369e-02
1.166107299480735257e-02 9.012011398939921702e-02
1.266107299480735346e-02 8.295194458779588109e-02
1.366107299480735435e-02 7.822291337753677076e-02
1.466107299480735350e-02 7.469526931407563519e-02
1.566107299480735265e-02 7.162722069861274243e-02
1.666107299480735354e-02 6.927687893572646860e-02
1.766107299480735443e-02 6.695186390323942804e-02
1.866107299480735532e-02 6.497479315469445460e-02
1.966107299480735274e-02 6.272934880774709565e-02
2.066107299480735363e-02 6.112106289033681500e-02
2.166107299480735451e-02 5.954695664906648617e-02
2.266107299480735540e-02 5.769759142517250777e-02
2.366107299480735282e-02 5.654698610607102049e-02
2.466107299480735371e-02 5.528271111679623762e-02
2.566107299480735460e-02 5.378819093236052173e-02
2.666107299480735202e-02 5.293516150909136075e-02
2.766107299480735290e-02 5.148262970386758425e-02
2.866107299480735379e-02 5.082799320952927080e-02
2.966107299480735468e-02 4.951429285391668877e-02
3.066107299480735557e-02 4.901070097457295438e-02
3.166107299480735299e-02 4.789025696300132362e-02
3.266107299480735388e-02 4.678367615180377415e-02
3.366107299480735476e-02 4.599976493403300920e-02
3.466107299480734871e-02 4.521308045066371045e-02
3.566107299480734960e-02 4.475001144776252077e-02
3.666107299480735049e-02 4.366696140003022836e-02
3.766107299480735138e-02 4.320310993484645368e-02
3.866107299480735227e-02 4.212716650519268691e-02
3.966107299480735315e-02 4.167633018153037161e-02
4.066107299480735404e-02 4.091269336713685562e-02
4.166107299480735493e-02 4.015268233564074640e-02
4.266107299480735582e-02 3.970647467390244628e-02
4.366107299480735671e-02 3.896098616506697004e-02
4.466107299480735759e-02 3.821255410740559411e-02
4.566107299480735848e-02 3.778317740104784883e-02
4.666107299480735937e-02 3.704387497353354985e-02
4.766107299480736026e-02 3.661561747310088100e-02
4.866107299480734727e-02 3.619401069908417118e-02
4.966107299480734816e-02 3.514885367325723542e-02
5.066107299480734905e-02 3.484111287493397296e-02
5.166107299480734993e-02 3.429765679593492489e-02
5.266107299480735082e-02 3.357270387542075907e-02
5.366107299480735171e-02 3.346209601698955927e-02
5.466107299480735260e-02 3.241839522432109905e-02
5.566107299480735349e-02 3.199798410598986981e-02
5.666107299480735437e-02 3.163232091404188234e-02
5.766107299480735526e-02 3.095055024562907292e-02
5.866107299480735615e-02 3.067721787537038697e-02
5.966107299480735704e-02 3.002765987260363686e-02
6.066107299480735793e-02 2.951585606917979041e-02
6.166107299480735882e-02 2.904049498473341290e-02
6.266107299480735970e-02 2.824172350937123946e-02
6.366107299480736059e-02 2.751855375703235115e-02
6.466107299480734760e-02 2.680279122657384591e-02
6.566107299480734849e-02 2.613634892246318592e-02
6.666107299480734938e-02 2.527185753197636747e-02
6.766107299480735027e-02 2.421043013157486712e-02
6.866107299480735116e-02 2.350234045258230153e-02
6.966107299480735204e-02 2.258836947415329699e-02
7.066107299480735293e-02 2.183855978113388024e-02
7.166107299480735382e-02 2.087329945126293815e-02
7.266107299480735471e-02 2.031341842942901987e-02
7.366107299480735560e-02 1.959309485491576158e-02
7.466107299480735648e-02 1.916199117627775256e-02
7.566107299480735737e-02 1.850649449347110953e-02
7.666107299480735826e-02 1.794185314741662124e-02
7.766107299480734527e-02 1.741519445599214871e-02
7.866107299480734616e-02 1.722277486175426142e-02
7.966107299480734705e-02 1.675877932971343506e-02
8.066107299480734794e-02 1.634759280363050349e-02
8.166107299480734882e-02 1.599845604327765694e-02
8.266107299480734971e-02 1.556583735718140848e-02
8.366107299480735060e-02 1.552070717505648657e-02
8.466107299480735149e-02 1.521973492833785663e-02
8.566107299480735238e-02 1.483948720147373022e-02
8.666107299480735326e-02 1.461077085210126837e-02
8.766107299480735415e-02 1.427006157009554944e-02
8.866107299480735504e-02 1.434585031745382391e-02
8.966107299480735593e-02 1.408065935841705182e-02
9.066107299480735682e-02 1.382713577694494149e-02
9.166107299480735771e-02 1.364287119251730504e-02
9.266107299480734472e-02 1.334876369924859266e-02
9.366107299480734560e-02 1.348143916768231032e-02
9.466107299480734649e-02 1.330772965850428660e-02
9.566107299480734738e-02 1.310159069695509930e-02
9.666107299480734827e-02 1.287598763948380985e-02
9.766107299480734916e-02 1.274006690506303101e-02
9.866107299480735005e-02 1.262451708807338889e-02
9.966107299480735093e-02 1.277959072591602387e-02
1.006610729948073518e-01 1.259598646720723990e-02
1.016610729948073527e-01 1.243340563824904196e-02
1.026610729948073536e-01 1.230558451586375585e-02
1.036610729948073545e-01 1.221442486720388833e-02
1.046610729948073554e-01 1.211567543495584674e-02
1.056610729948073563e-01 1.203079178434700303e-02
1.066610729948073572e-01 1.225111469009698348e-02
1.076610729948073580e-01 1.216730651674333835e-02
1.086610729948073589e-01 1.208789101489583101e-02
1.096610729948073459e-01 1.201789921848376262e-02
1.106610729948073468e-01 1.194980041177132017e-02
1.116610729948073477e-01 1.188480667848170955e-02
1.126610729948073486e-01 1.184052844290408787e-02
1.136610729948073495e-01 1.207917923525929013e-02
1.146610729948073504e-01 1.203742179321307115e-02
1.156610729948073513e-01 1.199156380963222607e-02
1.166610729948073522e-01 1.194876392976630154e-02
1.176610729948073530e-01 1.190520685196725000e-02
1.186610729948073539e-01 1.187761952725168227e-02
1.196610729948073548e-01 1.186784569032033748e-02
1.206610729948073557e-01 1.216605040595595752e-02
1.216610729948073566e-01 1.219661826314950327e-02
1.226610729948073575e-01 1.222345984614503327e-02
1.236610729948073584e-01 1.221692634098553790e-02
1.246610729948073454e-01 1.220307041759679037e-02
1.256610729948073601e-01 1.219899152967082040e-02
1.266610729948073610e-01 1.253269032151865803e-02
1.276610729948073619e-01 1.258095706154472269e-02
1.286610729948073628e-01 1.263933851729098085e-02
1.296610729948073637e-01 1.264899629623096253e-02
1.306610729948073646e-01 1.296604039087924376e-02
1.316610729948073655e-01 1.299945545593345769e-02
1.326610729948073664e-01 1.305788256308142159e-02
1.336610729948073673e-01 1.313529912206831858e-02
1.346610729948073681e-01 1.346175877529594798e-02
1.356610729948073690e-01 1.346844942081634224e-02
1.366610729948073699e-01 1.353054309436174663e-02
1.376610729948073708e-01 1.394942384472779018e-02
1.386610729948073717e-01 1.399789004773992901e-02
1.396610729948073726e-01 1.400583676562700865e-02
1.406610729948073735e-01 1.432626467554700897e-02
1.416610729948073744e-01 1.438009090479908970e-02
1.426610729948073752e-01 1.474308798376296192e-02
1.436610729948073761e-01 1.479612630228393719e-02
1.446610729948073770e-01 1.512228389530810048e-02
1.456610729948073779e-01 1.511108910316670551e-02
1.466610729948073788e-01 1.541867329595652397e-02
1.476610729948073797e-01 1.538195995863998224e-02
1.486610729948073806e-01 1.564974892514146496e-02
1.496610729948073537e-01 1.560089582743694366e-02
1.506610729948073546e-01 1.585154876200249585e-02
1.516610729948073555e-01 1.576663382912374747e-02
1.526610729948073564e-01 1.595660576525233243e-02
1.536610729948073573e-01 1.577637070762330160e-02
1.546610729948073581e-01 1.592801687877545141e-02
1.556610729948073590e-01 1.580341735724459865e-02
1.566610729948073599e-01 1.589072806840294977e-02
1.576610729948073608e-01 1.598710862558482340e-02
1.586610729948073617e-01 1.580884932043318328e-02
1.596610729948073626e-01 1.581434380959672106e-02
1.606610729948073635e-01 1.563165190129166271e-02
1.616610729948073644e-01 1.559658325273721897e-02
1.626610729948073653e-01 1.572799191755802975e-02
1.636610729948073661e-01 1.536579910264799717e-02
1.646610729948073670e-01 1.546073887154625522e-02
1.656610729948073679e-01 1.544165049055527643e-02
1.666610729948073688e-01 1.519255832770295515e-02
1.676610729948073697e-01 1.520821943674400233e-02
1.686610729948073706e-01 1.494893446077412598e-02
1.696610729948073715e-01 1.498100219550633529e-02
1.706610729948073724e-01 1.502711822590708894e-02
1.716610729948073732e-01 1.476673313579294697e-02
1.726610729948073741e-01 1.485611535591260628e-02
1.736610729948073750e-01 1.457804956584050210e-02
1.746610729948073759e-01 1.472585531166032552e-02
1.756610729948073768e-01 1.444762800357511819e-02
1.766610729948073777e-01 1.455922713718655302e-02
1.776610729948073786e-01 1.434716930204194864e-02
1.786610729948073795e-01 1.440245156641140056e-02
1.796610729948073804e-01 1.422850358875757566e-02
1.806610729948073535e-01 1.422991882509904750e-02
1.816610729948073544e-01 1.403682349863720480e-02
1.826610729948073553e-01 1.407446579725638025e-02
1.836610729948073562e-01 1.413141724094702997e-02
1.846610729948073570e-01 1.383654341834517250e-02
1.856610729948073579e-01 1.390835050968462425e-02
1.866610729948073588e-01 1.360602076825716787e-02
1.876610729948073597e-01 1.369759113100508380e-02
1.886610729948073606e-01 1.341772861504932773e-02
1.896610729948073615e-01 1.348829318016669249e-02
1.906610729948073624e-01 1.354249539248030508e-02
1.916610729948073633e-01 1.330867228623492347e-02
1.926610729948073641e-01 1.341671067060951766e-02
1.936610729948073650e-01 1.348446674859405878e-02
1.946610729948073659e-01 1.333343826421514756e-02
1.956610729948073668e-01 1.345403008629318664e-02
1.966610729948073677e-01 1.358254515539738388e-02
1.976610729948073686e-01 1.342203970682885432e-02
1.986610729948073695e-01 1.362822949051678730e-02
1.996610729948073704e-01 1.345322282122515464e-02
2.006610729948073713e-01 1.357921738902314289e-02
2.016610729948073721e-01 1.346067821379256201e-02
2.026610729948073730e-01 1.336974444658926668e-02
2.036610729948073739e-01 1.361371418419093926e-02
2.046610729948073748e-01 1.353020959075820415e-02
2.056610729948073757e-01 1.375135812866437775e-02
2.066610729948073766e-01 1.361077559057957860e-02
2.076610729948073775e-01 1.348175584781392822e-02
2.086610729948073784e-01 1.335943492276828702e-02
2.096610729948073792e-01 1.355168808926691774e-02
2.106610729948073801e-01 1.349215580674535848e-02
2.116610729948073810e-01 1.344172019576626506e-02
2.126610729948073819e-01 1.368538166466305543e-02
2.136610729948073550e-01 1.363000471668465198e-02
2.146610729948073559e-01 1.388531209224447630e-02
2.156610729948073568e-01 1.384479346843318047e-02
2.166610729948073577e-01 1.379370350369754292e-02
2.176610729948073586e-01 1.405784208054228733e-02
2.186610729948073595e-01 1.401662239035431426e-02
2.196610729948073604e-01 1.429010318242808324e-02
2.206610729948073613e-01 1.425429477159923485e-02
2.216610729948073621e-01 1.452373729059218063e-02
2.226610729948073630e-01 1.480604799590400956e-02
2.236610729948073639e-01 1.476352819424892049e-02
2.246610729948073648e-01 1.504105391625262279e-02
2.256610729948073657e-01 1.500726557585539862e-02
2.266610729948073666e-01 1.528174642672456771e-02
2.276610729948073675e-01 1.555631840499836424e-02
2.286610729948073684e-01 1.583770592474638764e-02
2.296610729948073693e-01 1.580078577043468602e-02
2.306610729948073701e-01 1.607142851804246528e-02
2.316610729948073710e-01 1.602774852719949031e-02
2.326610729948073719e-01 1.630162739437946567e-02
2.336610729948073728e-01 1.653430284618343654e-02
2.346610729948073737e-01 1.640713924871124718e-02
2.356610729948073746e-01 1.631862108554923974e-02
2.366610729948073755e-01 1.650385069646381417e-02
2.376610729948073764e-01 1.640227991168285299e-02
2.386610729948073772e-01 1.630110769934526443e-02
2.396610729948073781e-01 1.622164807876106188e-02
2.406610729948073790e-01 1.613571494542748175e-02
2.416610729948073799e-01 1.605229560258112503e-02
2.426610729948073808e-01 1.597260728534865767e-02
2.436610729948073817e-01 1.588344780617353610e-02
2.446610729948073548e-01 1.580599613294225367e-02
2.456610729948073557e-01 1.571346094381760941e-02
2.466610729948073566e-01 1.563030760966194199e-02
2.476610729948073575e-01 1.554108015188057808e-02
2.486610729948073584e-01 1.546311153454007527e-02
2.496610729948073593e-01 1.538299383283583607e-02
2.506610729948073324e-01 1.529940987418058201e-02
2.516610729948073333e-01 1.522074070127746315e-02
2.526610729948073342e-01 1.513851524905203416e-02
2.536610729948073351e-01 1.505027968324111447e-02
2.546610729948073359e-01 1.497614714883275210e-02
2.556610729948073368e-01 1.459204812542839146e-02
2.566610729948073377e-01 1.451258238977197815e-02
2.576610729948073386e-01 1.444125628982010322e-02
2.586610729948073395e-01 1.439745473177845257e-02
2.596610729948073404e-01 1.433995966114980612e-02
2.606610729948073413e-01 1.433561804984083247e-02
2.616610729948073422e-01 1.428336883377232837e-02
2.626610729948073431e-01 1.427911997224464401e-02
2.636610729948073439e-01 1.423952345945735977e-02
2.646610729948073448e-01 1.417999759929352947e-02
2.656610729948073457e-01 1.410895695276121777e-02
2.666610729948073466e-01 1.372589454165063297e-02
2.676610729948073475e-01 1.367079461790399360e-02
2.686610729948073484e-01 1.361209873699499411e-02
2.696610729948073493e-01 1.353901922067598206e-02
2.706610729948073502e-01 1.348131844043791785e-02
2.716610729948073510e-01 1.345726094949986802e-02
2.726610729948073519e-01 1.348482845425678575e-02
2.736610729948073528e-01 1.349778522253518472e-02
2.746610729948073537e-01 1.315229853765231306e-02
2.756610729948073546e-01 1.309367133327350545e-02
2.766610729948073555e-01 1.303857921886674397e-02
2.776610729948073564e-01 1.298095701552983913e-02
2.786610729948073573e-01 1.292220829936286536e-02
2.796610729948073581e-01 1.293657032725377583e-02
2.806610729948073590e-01 1.270482394077907841e-02
2.816610729948073599e-01 1.268251949403702457e-02
2.826610729948073608e-01 1.263364075102845104e-02
2.836610729948073617e-01 1.257872021398497887e-02
2.846610729948073626e-01 1.253200835615871263e-02
2.856610729948073635e-01 1.251566696671215992e-02
2.866610729948073644e-01 1.229219217325135116e-02
2.876610729948073653e-01 1.229732716983517049e-02
2.886610729948073661e-01 1.225274086971740034e-02
2.896610729948073670e-01 1.220201350154002246e-02
2.906610729948073679e-01 1.215542117778113662e-02
2.916610729948073688e-01 1.225046011865151691e-02
2.926610729948073697e-01 1.199302979630556369e-02
2.936610729948073151e-01 1.193695515577792264e-02
2.946610729948073160e-01 1.188927344616013196e-02
2.956610729948073168e-01 1.184432235914573486e-02
2.966610729948073177e-01 1.191206561274975664e-02
2.976610729948073186e-01 1.198914430669037814e-02
2.986610729948073195e-01 1.163202672013039819e-02
2.996610729948073204e-01 1.158807726488384968e-02
3.006610729948073213e-01 1.154245151127452143e-02
3.016610729948073222e-01 1.162904526285001364e-02
3.026610729948073231e-01 1.168933564208919119e-02
3.036610729948073240e-01 1.133796959884602988e-02
3.046610729948073248e-01 1.130324564278907887e-02
3.056610729948073257e-01 1.135637794355306984e-02
3.066610729948073266e-01 1.146177170298687958e-02
3.076610729948073275e-01 1.142229176974115037e-02
3.086610729948073284e-01 1.107569503867534937e-02
3.096610729948073293e-01 1.108828022836178158e-02
3.106610729948073302e-01 1.123702934023094666e-02
3.116610729948073311e-01 1.120897225898943340e-02
3.126610729948073319e-01 1.118401920121004853e-02
3.136610729948073328e-01 1.094830122227313102e-02
3.146610729948073337e-01 1.104618213996309307e-02
3.156610729948073346e-01 1.101605724989394679e-02
3.166610729948073355e-01 1.101895483384942101e-02
3.176610729948073364e-01 1.115908734821095989e-02
3.186610729948073373e-01 1.085298104793946602e-02
3.196610729948073382e-01 1.082665223193589495e-02
3.206610729948073391e-01 1.088234659549198145e-02
3.216610729948073399e-01 1.101270777321633476e-02
3.226610729948073408e-01 1.067375525855868493e-02
3.236610729948073417e-01 1.066413106409390757e-02
3.246610729948073426e-01 1.086457420457281886e-02
3.256610729948073435e-01 1.084096383392488781e-02
3.266610729948073444e-01 1.081855244068174147e-02
3.276610729948073453e-01 1.069552333951242010e-02
3.286610729948073462e-01 1.070389591001094307e-02
3.296610729948073470e-01 1.067501350520387929e-02
3.306610729948073479e-01 1.086764100630534767e-02
3.316610729948073488e-01 1.055718896903090273e-02
3.326610729948073497e-01 1.053509458800863316e-02
3.336610729948073506e-01 1.067265975744976537e-02
3.346610729948073515e-01 1.072854645038978476e-02
3.356610729948073524e-01 1.071709724087213482e-02
3.366610729948073533e-01 1.052737311650435090e-02
3.376610729948073542e-01 1.060783897910050691e-02
3.386610729948073550e-01 1.060140125185944290e-02
3.396610729948073559e-01 1.074421762153679114e-02
3.406610729948073568e-01 1.047623871131554522e-02
3.416610729948073577e-01 1.046586375558536050e-02
3.426610729948073586e-01 1.061875290624266117e-02
3.436610729948073595e-01 1.066298837391104794e-02
3.446610729948073604e-01 1.064654143764346382e-02
3.456610729948073613e-01 1.050994757274565858e-02
3.466610729948073621e-01 1.053440372289060102e-02
3.476610729948073630e-01 1.051893798590799664e-02
3.486610729948073639e-01 1.073330773111410945e-02
3.496610729948073648e-01 1.041080604156786708e-02
3.506610729948073657e-01 1.039143282199938775e-02
3.516610729948073666e-01 1.058093301871667821e-02
3.526610729948073675e-01 1.059473272167269983e-02
3.536610729948073684e-01 1.058527234608300227e-02
3.546610729948073693e-01 1.050125412276202083e-02
3.556610729948073701e-01 1.048010060886053925e-02
3.566610729948073155e-01 1.051654204771102809e-02
3.576610729948073164e-01 1.069059347902293587e-02
3.586610729948073173e-01 1.035987112291695753e-02
3.596610729948073182e-01 1.040052029675234656e-02
3.606610729948073191e-01 1.055918938354670836e-02
3.616610729948073200e-01 1.054943644041168166e-02
3.626610729948073208e-01 1.062841998181465915e-02
3.636610729948073217e-01 1.044188009425170080e-02
3.646610729948073226e-01 1.043552384562008301e-02
3.656610729948073235e-01 1.054859422939671311e-02
3.666610729948073244e-01 1.063686343442395849e-02
3.676610729948073253e-01 1.063277644864956545e-02
3.686610729948073262e-01 1.047343122244365037e-02
3.696610729948073271e-01 1.053005757083110353e-02
3.706610729948073280e-01 1.051112076175650216e-02
3.716610729948073288e-01 1.069905763420456353e-02
3.726610729948073297e-01 1.040807969105708199e-02
3.736610729948073306e-01 1.038774407120308767e-02
3.746610729948073315e-01 1.062089279366500681e-02
3.756610729948073324e-01 1.060718796515857341e-02
3.766610729948073333e-01 1.061833801204693437e-02
3.776610729948073342e-01 1.049815140268401531e-02
3.786610729948073351e-01 1.049236685451114710e-02
3.796610729948073359e-01 1.050716064511561867e-02
3.806610729948073368e-01 1.069402722088489029e-02
3.816610729948073377e-01 1.068652654085599368e-02
3.826610729948073386e-01 1.044152753451498862e-02
3.836610729948073395e-01 1.058484677799742708e-02
3.846610729948073404e-01 1.056969765580743036e-02
3.856610729948073413e-01 1.059210061880958183e-02
3.866610729948073422e-01 1.076633706073653295e-02
3.876610729948073431e-01 1.044388847527170580e-02
3.886610729948073439e-01 1.052846180566348322e-02
3.896610729948073448e-01 1.064944741130784654e-02
3.906610729948073457e-01 1.063538404810833449e-02
3.916610729948073466e-01 1.069097359050056109e-02
3.926610729948073475e-01 1.052077960661154145e-02
3.936610729948073484e-01 1.050839438801585805e-02
3.946610729948073493e-01 1.054938881751422801e-02
3.956610729948073502e-01 1.070982769332158580e-02
3.966610729948073510e-01 1.069529726285873075e-02
3.976610729948073519e-01 1.071286678215983487e-02
3.986610729948073528e-01 1.089589112342855513e-02
3.996610729948073537e-01 1.056971975662327097e-02
4.006610729948073546e-01 1.054799217040272227e-02
4.016610729948073555e-01 1.075620427736339452e-02
4.026610729948073564e-01 1.074413272502488387e-02
4.036610729948073573e-01 1.073212353119788569e-02
4.046610729948073581e-01 1.093565909225208133e-02
4.056610729948073590e-01 1.062853461253098451e-02
4.066610729948073599e-01 1.060214069831499732e-02
4.076610729948073608e-01 1.068360812997116299e-02
4.086610729948073617e-01 1.079105862083724714e-02
4.096610729948073626e-01 1.077372378304380582e-02
4.106610729948073635e-01 1.075766839086872949e-02
4.116610729948073644e-01 1.097587349409514038e-02
4.126610729948073653e-01 1.096425144947170416e-02
4.136610729948073661e-01 1.063370449895546625e-02
4.146610729948073670e-01 1.076726731124199449e-02
4.156610729948073679e-01 1.081793154186379974e-02
4.166610729948073688e-01 1.079692827162261927e-02
4.176610729948073697e-01 1.080751690011720785e-02
4.186610729948073706e-01 1.097769363457655294e-02
4.196610729948073715e-01 1.097541944510157901e-02
4.206610729948073724e-01 1.095569761332353641e-02
4.216610729948073177e-01 1.105922907706644726e-02
4.226610729948073186e-01 1.082440230913107350e-02
4.236610729948073195e-01 1.080355952956961116e-02
4.246610729948073204e-01 1.077711781959897128e-02
4.256610729948073213e-01 1.088918134120922358e-02
4.266610729948073222e-01 1.097125807740121674e-02
4.276610729948073231e-01 1.094221325384978592e-02
4.286610729948073240e-01 1.091838507618467756e-02
4.296610729948073248e-01 1.103526053473251507e-02
4.306610729948073257e-01 1.109965943696170076e-02
4.316610729948073266e-01 1.107604512187617719e-02
4.326610729948073275e-01 1.105716495059232314e-02
4.336610729948073284e-01 1.113025060986183243e-02
4.346610729948073293e-01 1.122438789268881063e-02
4.356610729948073302e-01 1.119512674203451685e-02
4.366610729948073311e-01 1.116433560199175251e-02
4.376610729948073319e-01 1.113740709444437094e-02
4.386610729948073328e-01 1.129252431619852393e-02
4.396610729948073337e-01 1.132133358337023346e-02
4.406610729948073346e-01 1.128130107256902250e-02
4.416610729948073355e-01 1.125878828139184433e-02
4.426610729948073364e-01 1.128586340610036182e-02
4.436610729948073373e-01 1.139629164548614480e-02
4.446610729948073382e-01 1.139055055493963693e-02
4.456610729948073391e-01 1.136261384530553101e-02
4.466610729948073399e-01 1.133595872999376350e-02
4.476610729948073408e-01 1.133994798758067128e-02
4.486610729948073417e-01 1.140662203154897691e-02
4.496610729948073426e-01 1.146313490739930829e-02
4.506610729948073435e-01 1.143526544015639919e-02
4.516610729948073444e-01 1.139888936055967819e-02
4.526610729948073453e-01 1.135570904954329337e-02
4.536610729948073462e-01 1.133912602606096734e-02
4.546610729948073470e-01 1.141161173816317327e-02
4.556610729948073479e-01 1.147650369052507884e-02
4.566610729948073488e-01 1.143752212260460560e-02
4.576610729948073497e-01 1.140703662613623201e-02
4.586610729948073506e-01 1.136771631317515067e-02
4.596610729948073515e-01 1.164942699665652906e-02
4.606610729948073524e-01 1.161699010697338913e-02
4.616610729948073533e-01 1.165298323723800399e-02
4.626610729948073542e-01 1.166998458103080290e-02
4.636610729948073550e-01 1.170588000442103309e-02
4.646610729948073559e-01 1.165589494408095575e-02
4.656610729948073568e-01 1.162022336132759008e-02
4.666610729948073577e-01 1.157364654049751994e-02
4.676610729948073586e-01 1.152874386195117118e-02
4.686610729948073595e-01 1.179193284843813722e-02
4.696610729948073604e-01 1.175005154796781442e-02
4.706610729948073613e-01 1.177181562019450137e-02
4.716610729948073621e-01 1.174127215725138777e-02
4.726610729948073630e-01 1.175402386979385559e-02
4.736610729948073639e-01 1.181012073174315426e-02
4.746610729948073648e-01 1.176469660468319571e-02
4.756610729948073657e-01 1.202354555429701634e-02
4.766610729948073666e-01 1.197869985123133953e-02
4.776610729948073675e-01 1.193048167106826492e-02
4.786610729948073684e-01 1.187223022166654200e-02
4.796610729948073693e-01 1.182146438350537183e-02
4.806610729948073701e-01 1.208804311351377621e-02
4.816610729948073710e-01 1.203758195925820444e-02
4.826610729948073719e-01 1.198702633887387473e-02
4.836610729948073728e-01 1.193576239083631724e-02
4.846610729948073182e-01 1.187823151612883536e-02
4.856610729948073191e-01 1.214533389051393811e-02
4.866610729948073200e-01 1.210037539700397312e-02
4.876610729948073208e-01 1.209914711359988404e-02
4.886610729948073217e-01 1.204285567599208684e-02
4.896610729948073226e-01 1.200269817020944117e-02
4.906610729948073235e-01 1.229254970195688655e-02
4.916610729948073244e-01 1.225267618515863376e-02
4.926610729948073253e-01 1.222418537738713049e-02
4.936610729948073262e-01 1.218307145426479089e-02
4.946610729948073271e-01 1.247236397092456144e-02
4.956610729948073280e-01 1.239943905908785435e-02
4.966610729948073288e-01 1.230363805398337722e-02
4.976610729948073297e-01 1.224736265261708486e-02
4.986610729948073306e-01 1.249974008044864651e-02
4.996610729948073315e-01 1.242178348713241648e-02
5.006610729948073324e-01 1.240628298948786255e-02
5.016610729948073333e-01 1.237197699396483559e-02
5.026610729948073342e-01 1.259970198876862908e-02
5.036610729948073351e-01 1.258977625387024124e-02
5.046610729948073359e-01 1.248170553382078711e-02
5.056610729948073368e-01 1.244905582575484004e-02
5.066610729948073377e-01 1.270297190423116257e-02
5.076610729948073386e-01 1.261604829232692258e-02
5.086610729948073395e-01 1.255462195080735838e-02
5.096610729948073404e-01 1.284817192788386894e-02
5.106610729948073413e-01 1.277773578096048392e-02
5.116610729948073422e-01 1.268232771595876295e-02
5.126610729948073431e-01 1.260549031277560100e-02
5.136610729948073439e-01 1.284711005564076990e-02
5.146610729948073448e-01 1.278609265300565366e-02
5.156610729948073457e-01 1.270324693352813464e-02
5.166610729948073466e-01 1.292569712001568477e-02
5.176610729948073475e-01 1.287457818572147576e-02
5.186610729948073484e-01 1.277975853873840675e-02
5.196610729948073493e-01 1.276233297680028078e-02
5.206610729948073502e-01 1.295383909814881891e-02
5.216610729948073510e-01 1.287012719302538244e-02
5.226610729948073519e-01 1.281715821609213934e-02
5.236610729948073528e-01 1.305885102941556353e-02
5.246610729948073537e-01 1.300006145357974693e-02
5.256610729948073546e-01 1.293963803623273713e-02
5.266610729948073555e-01 1.319726548165726931e-02
5.276610729948073564e-01 1.312774124318184452e-02
5.286610729948073573e-01 1.306669468553309406e-02
5.296610729948073581e-01 1.330824287775976729e-02
5.306610729948073590e-01 1.324227143781672549e-02
5.316610729948073599e-01 1.317617778657449897e-02
5.326610729948073608e-01 1.342830530298306201e-02
5.336610729948073617e-01 1.335830074996920309e-02
5.346610729948073626e-01 1.359768689234942991e-02
5.356610729948073635e-01 1.344948725972926716e-02
5.366610729948073644e-01 1.330404448841272791e-02
5.376610729948073653e-01 1.347019179661174300e-02
5.386610729948073661e-01 1.340647330646925137e-02
5.396610729948073670e-01 1.364316541638618298e-02
5.406610729948073679e-01 1.357240431379750506e-02
5.416610729948073688e-01 1.349117424099085909e-02
5.426610729948073697e-01 1.373591299650252055e-02
5.436610729948073706e-01 1.361633530702420145e-02
5.446610729948073715e-01 1.367981786602103997e-02
5.456610729948073724e-01 1.356953310043581933e-02
5.466610729948073732e-01 1.380116780905473253e-02
5.476610729948073741e-01 1.372074751169111498e-02
5.486610729948073750e-01 1.393643586159396333e-02
5.496610729948073759e-01 1.396104352636075470e-02
5.506610729948073768e-01 1.385164909726518088e-02
5.516610729948073777e-01 1.406961141213287220e-02
5.526610729948073786e-01 1.403989054858175226e-02
5.536610729948073795e-01 1.397125906478731763e-02
5.546610729948073804e-01 1.419421833761771307e-02
5.556610729948073812e-01 1.441685476851080165e-02
5.566610729948073821e-01 1.412989270587741014e-02
5.576610729948073830e-01 1.430416413589227949e-02
5.586610729948073839e-01 1.451824491212027994e-02
5.596610729948073848e-01 1.449362190563351777e-02
5.606610729948073857e-01 1.470501803638308083e-02
5.616610729948073866e-01 1.479413991040519176e-02
5.626610729948073875e-01 1.489409633920195201e-02
5.636610729948073883e-01 1.498363759757330611e-02
5.646610729948073892e-01 1.505963510125093302e-02
5.656610729948073901e-01 1.520011894835124680e-02
5.666610729948073910e-01 1.523150660814735595e-02
5.676610729948073919e-01 1.532698656637512639e-02
5.686610729948073928e-01 1.570679323050944848e-02
5.696610729948073937e-01 1.573290768410561327e-02
5.706610729948073946e-01 1.586142354593130313e-02
5.716610729948073955e-01 1.584324890792822640e-02
5.726610729948073963e-01 1.599508225355839378e-02
5.736610729948073972e-01 1.594618180822999359e-02
5.746610729948073981e-01 1.611666830705644343e-02
5.756610729948073990e-01 1.604051825486340135e-02
5.766610729948073999e-01 1.573210952292674811e-02
5.776610729948074008e-01 1.581877855671564095e-02
5.786610729948074017e-01 1.574930328607615504e-02
5.796610729948074026e-01 1.558297562412053541e-02
5.806610729948074034e-01 1.550424754295636441e-02
5.816610729948072933e-01 1.566469647600115395e-02
5.826610729948072942e-01 1.527285984413674635e-02
5.836610729948072951e-01 1.541802725294610411e-02
5.846610729948072960e-01 1.502434531240032754e-02
5.856610729948072969e-01 1.487199446736258389e-02
5.866610729948072978e-01 1.479221517487894731e-02
5.876610729948072986e-01 1.463611667209624954e-02
5.886610729948072995e-01 1.434918047536075381e-02
5.896610729948073004e-01 1.441721983923071118e-02
5.906610729948073013e-01 1.426230593136642785e-02
5.916610729948073022e-01 1.388119373676408898e-02
5.926610729948073031e-01 1.375371227421965173e-02
5.936610729948073040e-01 1.388334523706407676e-02
5.946610729948073049e-01 1.354438803548964690e-02
5.956610729948073057e-01 1.341431709199832761e-02
5.966610729948073066e-01 1.328616279453126436e-02
5.976610729948073075e-01 1.303483308270369893e-02
5.986610729948073084e-01 1.278655148500138297e-02
5.996610729948073093e-01 1.267247832626662747e-02
6.006610729948073102e-01 1.255029643016905561e-02
6.016610729948073111e-01 1.272121654606553354e-02
6.026610729948073120e-01 1.249371968531613752e-02
6.036610729948073129e-01 1.228229746730403332e-02
6.046610729948073137e-01 1.217365474619146008e-02
6.056610729948073146e-01 1.207053030704128074e-02
6.066610729948073155e-01 1.196932235655731418e-02
6.076610729948073164e-01 1.187524795401213862e-02
6.086610729948073173e-01 1.177155565455268588e-02
6.096610729948073182e-01 1.159921141120048502e-02
6.106610729948073191e-01 1.147630320298003402e-02
6.116610729948073200e-01 1.134725163297707617e-02
6.126610729948073208e-01 1.119715646597478631e-02
6.136610729948073217e-01 1.110186232014120748e-02
6.146610729948073226e-01 1.101620089568905274e-02
6.156610729948073235e-01 1.091106930927117011e-02
6.166610729948073244e-01 1.083658294403267060e-02
6.176610729948073253e-01 1.075638118546203177e-02
6.186610729948073262e-01 1.068759938170251236e-02
6.196610729948073271e-01 1.061337999996976589e-02
6.206610729948073280e-01 1.053119972161630294e-02
6.216610729948073288e-01 1.046453170301492666e-02
6.226610729948073297e-01 1.043146916896375842e-02
6.236610729948073306e-01 1.042134034339778706e-02
6.246610729948073315e-01 1.038382270903821271e-02
6.256610729948073324e-01 1.034696715294694536e-02
6.266610729948073333e-01 1.034839897648180337e-02
6.276610729948073342e-01 1.030116560373335252e-02
6.286610729948073351e-01 1.024151426425987631e-02
6.296610729948073359e-01 1.018306301317943585e-02
6.306610729948073368e-01 1.012731213669485451e-02
6.316610729948073377e-01 1.005760172029795257e-02
6.326610729948073386e-01 1.000630312959356095e-02
6.336610729948073395e-01 9.636056372235997716e-03
6.346610729948073404e-01 9.648391389679090296e-03
6.356610729948073413e-01 9.706531061253827544e-03
6.366610729948073422e-01 9.712462285578567570e-03
6.376610729948073431e-01 9.659154872729686786e-03
6.386610729948073439e-01 9.615343212662537040e-03
6.396610729948073448e-01 9.564593403892103496e-03
6.406610729948073457e-01 9.516006904698314992e-03
6.416610729948073466e-01 9.603015724207126028e-03
6.426610729948073475e-01 9.642288208060562429e-03
6.436610729948073484e-01 9.615625925780931990e-03
6.446610729948073493e-01 9.254213408152281786e-03
6.456610729948073502e-01 9.211324571665499561e-03
6.466610729948073510e-01 9.228795609111330525e-03
6.476610729948073519e-01 9.335146571174846031e-03
6.486610729948073528e-01 9.333128606373065905e-03
6.496610729948073537e-01 9.286567362768437597e-03
6.506610729948073546e-01 9.247003048927580904e-03
6.516610729948073555e-01 9.271111202587689962e-03
6.526610729948073564e-01 9.080242742864357355e-03
6.536610729948073573e-01 9.059357230442856290e-03
6.546610729948073581e-01 9.018517195020194638e-03
6.556610729948073590e-01 8.979633461919548504e-03
6.566610729948073599e-01 9.105934444475678041e-03
6.576610729948073608e-01 9.147080209038449886e-03
6.586610729948073617e-01 9.117503832812871509e-03
6.596610729948073626e-01 8.764469471767370387e-03
6.606610729948073635e-01 8.872249993945388255e-03
6.616610729948073644e-01 8.935052347113923293e-03
6.626610729948073653e-01 8.904111959300735346e-03
6.636610729948073661e-01 8.876254428511856295e-03
6.646610729948073670e-01 9.004119096380236789e-03
6.656610729948073679e-01 8.744470072704643368e-03
6.666610729948073688e-01 8.706241690796560559e-03
6.676610729948073697e-01 8.684586846916317673e-03
6.686610729948073706e-01 8.888925197927619384e-03
6.696610729948073715e-01 8.853145574130394033e-03
6.706610729948073724e-01 8.833426318718012177e-03
6.716610729948073732e-01 8.592622161648251489e-03
6.726610729948073741e-01 8.707856332756364059e-03
6.736610729948073750e-01 8.673667489460513275e-03
6.746610729948073759e-01 8.649203178745665244e-03
6.756610729948073768e-01 8.801176565264540869e-03
6.766610729948073777e-01 8.520273320755677310e-03
6.776610729948073786e-01 8.495456821740389464e-03
6.786610729948073795e-01 8.528587572519882865e-03
6.796610729948073804e-01 8.681257229281527307e-03
6.806610729948073812e-01 8.651981735587923467e-03
6.816610729948073821e-01 8.638490959123827639e-03
6.826610729948073830e-01 8.492539171105819087e-03
6.836610729948073839e-01 8.503380772943273241e-03
6.846610729948073848e-01 8.483601888643534095e-03
6.856610729948073857e-01 8.523388811273889878e-03
6.866610729948073866e-01 8.675135147238052097e-03
6.876610729948073875e-01 8.643513952134525974e-03
6.886610729948073883e-01 8.301003901491639525e-03
6.896610729948073892e-01 8.413095229623196100e-03
6.906610729948073901e-01 8.482739988400225806e-03
6.916610729948073910e-01 8.459119555705911161e-03
6.926610729948073919e-01 8.425767460842961687e-03
6.936610729948073928e-01 8.574750814278558550e-03
6.946610729948073937e-01 8.605153577093915124e-03
6.956610729948073946e-01 8.582304957334144918e-03
6.966610729948073955e-01 8.273691947703809210e-03
6.976610729948073963e-01 8.385042160409739848e-03
6.986610729948073972e-01 8.417508707709657131e-03
6.996610729948073981e-01 8.388428314141946687e-03
7.006610729948073990e-01 8.363914434104571805e-03
7.016610729948073999e-01 8.473718086827375026e-03
7.026610729948074008e-01 8.532745020105722208e-03
7.036610729948074017e-01 8.497526051814020126e-03
7.046610729948074026e-01 8.467285995847759900e-03
7.056610729948074034e-01 8.441965682603495488e-03
7.066610729948074043e-01 8.551998137061218169e-03
7.076610729948074052e-01 8.595323758436279257e-03
7.086610729948072951e-01 8.560340188616920309e-03
7.096610729948072960e-01 8.522214422237084017e-03
7.106610729948072969e-01 8.491399151120730682e-03
7.116610729948072978e-01 8.496084945021721568e-03
7.126610729948072986e-01 8.541539355152963364e-03
7.136610729948072995e-01 8.603341653192729532e-03
7.146610729948073004e-01 8.551261803774650241e-03
7.156610729948073013e-01 8.504816221387500458e-03
7.166610729948073022e-01 8.460244594238247595e-03
7.176610729948073031e-01 8.418969105895485194e-03
7.186610729948073040e-01 8.374646588437371225e-03
7.196610729948073049e-01 8.638029512458615666e-03
7.206610729948073057e-01 8.623228801213826331e-03
7.216610729948073066e-01 8.611387660462696547e-03
7.226610729948073075e-01 8.596697128265986740e-03
7.236610729948073084e-01 8.601532313091410711e-03
7.246610729948073093e-01 8.568924459478238775e-03
7.256610729948073102e-01 8.842696624828477736e-03
7.266610729948073111e-01 8.809023595607869475e-03
7.276610729948073120e-01 8.756211617193003158e-03
7.286610729948073129e-01 8.689966498316607085e-03
7.296610729948073137e-01 8.624093851987708892e-03
7.306610729948073146e-01 8.863122818062948299e-03
7.316610729948073155e-01 8.778665532536707172e-03
7.326610729948073164e-01 8.696076324309159888e-03
7.336610729948073173e-01 8.909302418864171666e-03
7.346610729948073182e-01 8.765670012610370793e-03
7.356610729948073191e-01 8.652341183701083016e-03
7.366610729948073200e-01 8.551562575213665293e-03
7.376610729948073208e-01 8.786903539215473041e-03
7.386610729948073217e-01 8.713839054087202732e-03
7.396610729948073226e-01 8.956453074491946970e-03
7.406610729948073235e-01 8.880827725021845503e-03
7.416610729948073244e-01 8.806773209584662504e-03
7.426610729948073253e-01 9.039940051944994961e-03
7.436610729948073262e-01 8.850109337032790666e-03
7.446610729948073271e-01 8.684729335544488435e-03
7.456610729948073280e-01 8.875812288192719973e-03
7.466610729948073288e-01 8.791527468298226955e-03
7.476610729948073297e-01 9.018378698352079795e-03
7.486610729948073306e-01 8.931833040002857063e-03
7.496610729948073315e-01 9.023181014794318458e-03
7.506610729948073324e-01 8.827713283477806386e-03
7.516610729948073333e-01 9.049920898416075402e-03
7.526610729948073342e-01 8.961262592751154804e-03
7.536610729948073351e-01 9.139424847148348158e-03
7.546610729948073359e-01 8.845727887210158916e-03
7.556610729948073368e-01 9.065457024998523072e-03
7.566610729948073377e-01 8.972177747518799915e-03
7.576610729948073386e-01 9.127285238477726020e-03
7.586610729948073395e-01 8.845979322542007334e-03
7.596610729948073404e-01 9.058101605649427138e-03
7.606610729948073413e-01 8.958445497159572835e-03
7.616610729948073422e-01 8.992574633682580074e-03
7.626610729948073431e-01 9.138841367322129289e-03
7.636610729948073439e-01 9.042386184311454467e-03
7.646610729948073448e-01 9.158567319188022637e-03
7.656610729948073457e-01 8.907002920932882706e-03
7.666610729948073466e-01 9.108355653891521062e-03
7.676610729948073475e-01 9.213079227263732893e-03
7.686610729948073484e-01 8.965792774381498367e-03
7.696610729948073493e-01 9.169729100080075898e-03
7.706610729948073502e-01 8.974960537308561068e-03
7.716610729948073510e-01 9.028607493877642901e-03
7.726610729948073519e-01 9.226197184092597287e-03
7.736610729948073528e-01 8.978720407795208122e-03
7.746610729948073537e-01 9.085950557252545079e-03
7.756610729948073546e-01 8.964121854369296039e-03
7.766610729948073555e-01 9.039183037783005137e-03
7.776610729948073564e-01 9.130887785793675646e-03
7.786610729948073573e-01 9.016542792677228330e-03
7.796610729948073581e-01 9.042346573593476253e-03
7.806610729948073590e-01 8.869034719038155004e-03
7.816610729948073599e-01 9.069115474922909148e-03
7.826610729948073608e-01 9.065565651869746805e-03
7.836610729948073617e-01 8.928935423644816100e-03
7.846610729948073626e-01 9.120729234650752984e-03
7.856610729948073635e-01 8.818483776477932523e-03
7.866610729948073644e-01 8.989196987951345377e-03
7.876610729948073653e-01 8.872395767978559153e-03
7.886610729948073661e-01 8.924851484045120964e-03
7.896610729948073670e-01 8.734675318418793841e-03
7.906610729948073679e-01 8.930021043723172444e-03
7.916610729948073688e-01 9.028193417346301944e-03
7.926610729948073697e-01 8.798937232716526335e-03
7.936610729948073706e-01 9.001835133884469181e-03
7.946610729948073715e-01 8.851179946997035294e-03
7.956610729948073724e-01 8.575166820803588677e-03
7.966610729948073732e-01 8.768226479561234965e-03
7.976610729948073741e-01 8.667130447425733936e-03
7.986610729948073750e-01 8.831760879853390797e-03
7.996610729948073759e-01 8.547935909137322277e-03
8.006610729948073768e-01 8.763715619155846431e-03
8.016610729948073777e-01 8.669090726415560472e-03
8.026610729948073786e-01 8.874977730633872020e-03
8.036610729948073795e-01 8.651335712536820793e-03
8.046610729948073804e-01 8.455859167516791702e-03
8.056610729948073812e-01 8.669602047688386437e-03
8.066610729948073821e-01 8.596143392777321618e-03
8.076610729948073830e-01 8.826387495124890514e-03
8.086610729948073839e-01 8.695097038937091988e-03
8.096610729948073848e-01 8.530503193068398118e-03
8.106610729948073857e-01 8.522551475129149304e-03
8.116610729948073866e-01 8.567954786792142743e-03
8.126610729948073875e-01 8.478782867788595135e-03
8.136610729948073883e-01 8.406707798220395406e-03
8.146610729948073892e-01 8.629976647394869624e-03
8.156610729948073901e-01 8.565957092106146406e-03
8.166610729948073910e-01 8.488304763349788229e-03
8.176610729948073919e-01 8.418332399090559803e-03
8.186610729948073928e-01 8.662110145937276795e-03
8.196610729948073937e-01 8.597516578203795098e-03
8.206610729948073946e-01 8.530300212716611027e-03
8.216610729948073955e-01 8.455713294591077345e-03
8.226610729948073963e-01 8.390830809075395386e-03
8.236610729948073972e-01 8.335938458248164443e-03
8.246610729948073981e-01 8.272940917276172881e-03
8.256610729948073990e-01 8.525777361323434722e-03
8.266610729948073999e-01 8.475372056074775146e-03
8.276610729948074008e-01 8.414370392492855066e-03
8.286610729948074017e-01 8.372236570974564418e-03
8.296610729948074026e-01 8.319019322423173643e-03
8.306610729948074034e-01 8.306398696512588484e-03
8.316610729948074043e-01 8.439326521518523277e-03
8.326610729948074052e-01 8.417695818718129094e-03
8.336610729948074061e-01 8.061471186471862865e-03
8.346610729948074070e-01 8.021899539836795795e-03
8.356610729948074079e-01 7.980911745193679588e-03
8.366610729948074088e-01 8.082797161559938243e-03
8.376610729948072986e-01 8.141078158704203802e-03
8.386610729948072995e-01 8.113257358475494535e-03
8.396610729948073004e-01 7.784944863897635091e-03
8.406610729948073013e-01 7.954352316892255095e-03
8.416610729948073022e-01 7.957610165959522544e-03
8.426610729948073031e-01 7.949024753265348381e-03
8.436610729948073040e-01 7.835829520408878202e-03
8.446610729948073049e-01 7.820831092707522525e-03
8.456610729948073057e-01 7.588876616431207769e-03
8.466610729948073066e-01 7.717327370430212066e-03
8.476610729948073075e-01 7.696106937621607393e-03
8.486610729948073084e-01 7.609380348728336796e-03
8.496610729948073093e-01 7.609835558897885127e-03
8.506610729948073102e-01 7.530587082209422474e-03
8.516610729948073111e-01 7.537213666159004767e-03
8.526610729948073120e-01 7.456124700400777912e-03
8.536610729948073129e-01 7.456667638532508274e-03
8.546610729948073137e-01 7.379552146061541494e-03
8.556610729948073146e-01 7.119932644060100214e-03
8.566610729948073155e-01 7.329178485228566957e-03
8.576610729948073164e-01 7.230571385105122144e-03
8.586610729948073173e-01 6.974376650899102859e-03
8.596610729948073182e-01 7.219341215722579336e-03
8.606610729948073191e-01 6.993812643423552577e-03
8.616610729948073200e-01 7.178608189100941887e-03
8.626610729948073208e-01 7.125835444487620823e-03
8.636610729948073217e-01 6.898553268928935521e-03
8.646610729948073226e-01 6.783681979211905744e-03
8.656610729948073235e-01 7.042526613030532061e-03
8.666610729948073244e-01 6.863285841560354608e-03
8.676610729948073253e-01 6.725633977948291750e-03
8.686610729948073262e-01 6.995327436574371241e-03
8.696610729948073271e-01 6.937664599589424622e-03
8.706610729948073280e-01 6.708723893246769723e-03
8.716610729948073288e-01 6.947402902964768152e-03
8.726610729948073297e-01 6.904802047627072240e-03
8.736610729948073306e-01 6.788576085432396559e-03
8.746610729948073315e-01 6.595334974200795994e-03
8.756610729948073324e-01 6.870486120798886820e-03
8.766610729948073333e-01 6.834512486070707174e-03
8.776610729948073342e-01 6.720841911752359343e-03
8.786610729948073351e-01 6.523094731923720531e-03
8.796610729948073359e-01 6.799104440747669523e-03
8.806610729948073368e-01 6.764189998167239280e-03
8.816610729948073377e-01 6.658632403287811398e-03
8.826610729948073386e-01 6.776529476303949293e-03
8.836610729948073395e-01 6.738279196273651642e-03
8.846610729948073404e-01 6.700028916243354858e-03
8.856610729948073413e-01 6.907887525860587422e-03
8.866610729948073422e-01 6.727683081461236989e-03
8.876610729948073431e-01 6.680954625156118945e-03
8.886610729948073439e-01 6.644639120097508254e-03
8.896610729948073448e-01 6.859084051233821540e-03
8.906610729948073457e-01 6.647830079290543287e-03
8.916610729948073466e-01 6.613443371770699394e-03
8.926610729948073475e-01 6.891156474581748743e-03
8.936610729948073484e-01 6.792457330066099461e-03
8.946610729948073493e-01 6.590633766923474635e-03
8.956610729948073502e-01 6.863358224072726478e-03
8.966610729948073510e-01 6.826712597036020853e-03
8.976610729948073519e-01 6.679090049038222641e-03
8.986610729948073528e-01 6.834975017528904621e-03
8.996610729948073537e-01 6.797213924552124829e-03
9.006610729948073546e-01 6.759452831575345037e-03
9.016610729948073555e-01 6.842406994159318766e-03
9.026610729948073564e-01 6.756570875800661964e-03
9.036610729948073573e-01 6.716855678761931084e-03
9.046610729948073581e-01 6.892781637486223266e-03
9.056610729948073590e-01 6.716918018822980174e-03
9.066610729948073599e-01 6.981468162752662264e-03
9.076610729948073608e-01 6.870065537359096308e-03
9.086610729948073617e-01 6.661822199387188587e-03
9.096610729948073626e-01 6.927601345571474459e-03
9.106610729948073635e-01 6.844999929737241237e-03
9.116610729948073644e-01 6.922680530277829959e-03
9.126610729948073653e-01 6.873717664740069955e-03
9.136610729948073661e-01 7.072470901470751317e-03
9.146610729948073670e-01 6.849136927247399982e-03
9.156610729948073679e-01 6.801808901981985095e-03
9.166610729948073688e-01 6.914430072380582486e-03
9.176610729948073697e-01 6.775146801484879452e-03
9.186610729948073706e-01 7.036881814335629350e-03
9.196610729948073715e-01 6.750818385574802565e-03
9.206610729948073724e-01 7.013109534353589164e-03
9.216610729948073732e-01 6.864380848452128654e-03
9.226610729948073741e-01 6.980289791357790694e-03
9.236610729948073750e-01 7.225756324780832282e-03
9.246610729948073759e-01 6.939964499890720687e-03
9.256610729948073768e-01 7.189053467957364635e-03
9.266610729948073777e-01 6.887183380076294069e-03
9.276610729948073786e-01 7.139861693372494787e-03
9.286610729948073795e-01 6.837364530739705945e-03
9.296610729948073804e-01 7.080187146066691667e-03
9.306610729948073812e-01 7.093192655620896014e-03
9.316610729948073821e-01 7.010372457959420343e-03
9.326610729948073830e-01 7.025445459119509725e-03
9.336610729948073839e-01 7.260697192782117511e-03
9.346610729948073848e-01 7.258753263646667599e-03
9.356610729948073857e-01 7.110056725722188088e-03
9.366610729948073866e-01 7.181817135748587780e-03
9.376610729948073875e-01 7.168557578552281484e-03
9.386610729948073883e-01 7.355065440113321695e-03
9.396610729948073892e-01 7.384329771821739573e-03
9.406610729948073901e-01 7.070754195563039995e-03
9.416610729948073910e-01 7.254465845765935457e-03
9.426610729948073919e-01 7.260162602661693679e-03
9.436610729948073928e-01 7.332885761851684961e-03
9.446610729948073937e-01 7.316871159078800445e-03
9.456610729948073946e-01 7.274786540819149980e-03
9.466610729948073955e-01 7.245053971523703062e-03
9.476610729948073963e-01 7.262641153937693557e-03
9.486610729948073972e-01 7.327682542396359890e-03
9.496610729948073981e-01 7.368062445112628055e-03
9.506610729948073990e-01 7.331854542658220071e-03
9.516610729948073999e-01 7.603930562301684445e-03
9.526610729948074008e-01 7.551096125520416306e-03
9.536610729948074017e-01 7.489683363271069927e-03
9.546610729948074026e-01 7.444095292060410110e-03
9.556610729948074034e-01 7.680756954620847170e-03
9.566610729948074043e-01 7.622481725453326279e-03
9.576610729948074052e-01 7.546985108477202026e-03
9.586610729948074061e-01 7.720845097967866943e-03
9.596610729948074070e-01 7.501681141241533721e-03
9.606610729948074079e-01 7.701883385755536535e-03
9.616610729948074088e-01 7.594091839570864949e-03
9.626610729948074097e-01 7.786677557287475376e-03
9.636610729948074106e-01 7.795093037725564326e-03
9.646610729948073004e-01 7.687286292233693613e-03
9.656610729948073013e-01 7.745567347848009154e-03
9.666610729948073022e-01 7.836725226024099725e-03
9.676610729948073031e-01 7.899857382285517191e-03
9.686610729948073040e-01 7.968517229925056039e-03
9.696610729948073049e-01 7.919245501927435482e-03
9.706610729948073057e-01 8.060026350415682231e-03
9.716610729948073066e-01 7.991121165960067205e-03
9.726610729948073075e-01 7.909925964378998475e-03
9.736610729948073084e-01 8.243570127474413381e-03
9.746610729948073093e-01 8.202073419616680641e-03
9.756610729948073102e-01 8.153140436231297306e-03
9.766610729948073111e-01 8.353206976305045661e-03
9.776610729948073120e-01 8.211204373639702236e-03
9.786610729948073129e-01 8.251582485932886304e-03
9.796610729948073137e-01 8.327467994907238047e-03
9.806610729948073146e-01 8.164821453141485330e-03
9.816610729948073155e-01 8.310214003852706144e-03
9.826610729948073164e-01 8.212359863566234819e-03
9.836610729948073173e-01 8.341890296796009019e-03
9.846610729948073182e-01 8.211384156701570514e-03
9.856610729948073191e-01 8.301469210675349250e-03
9.866610729948073200e-01 8.487271617399528428e-03
9.876610729948073208e-01 8.327766870031155094e-03
9.886610729948073217e-01 8.152686992449162048e-03
9.896610729948073226e-01 8.315298304751195246e-03
9.906610729948073235e-01 8.084440747883491277e-03
9.916610729948073244e-01 8.177121782872746533e-03
9.926610729948073253e-01 8.261712523937604288e-03
9.936610729948073262e-01 8.271942442854196900e-03
9.946610729948073271e-01 8.139778618158743234e-03
9.956610729948073280e-01 8.156505415223364031e-03
